conversation_hash,hashed_ip,model,timestamp
00246723ce2c240780657b21b7cc8a22,351d27df27e9c3b5cb042503a70bdb876b3576e7836e5a4256d0b8301139c7df,gpt-4-0125-preview,2024-04-12 07:51:57+00:00
0083fce71cbdac49cfe6689ecb9b8a7c,841414a5d1f0d884ea84e9e74425865816ce97279162903302c470dd72714865,gpt-4-1106-preview,2023-12-04 16:38:30+00:00
00ab50477d17985dc02ab244e2a594ff,f5033e8d38dc8bed2d47eec99593048a1563f4f3cf698d2b53fccd29a0184fa4,gpt-4-0125-preview,2024-04-25 05:26:09+00:00
0143bd43590f07daf85a99dbe7950048,fdabdd1485e47a39ef0eaf3001fbf3ae4a652f7b5e6b8346cbc4ecd741f5354f,gpt-3.5-turbo-0301,2023-04-23 06:18:08+00:00
014510269b3045362d8c8a7933ed6c4d,3f67bbff4aec070a8403dbc6c0506573109eea7c57bdfe2d6a64129e07be7b5f,gpt-4-0314,2023-05-02 22:56:21+00:00
01914c5de1154edc7b199cf07aadde74,28da3bc96bd084ba001dbbeb904ff72ec4cc07503fe277429d184feafcb11b83,gpt-3.5-turbo-0613,2023-11-26 05:42:17+00:00
01bf735cce675bde918845d1a27ddf4e,35f0c7b25ac7737d5f5428fbcd460bfac71be4b9e7f618f4c3d4ee1fb22c93b2,gpt-4-1106-preview,2023-12-04 17:03:20+00:00
0258767c7f7314d4c9d36bac1c74186e,040a037c97a1d9de0cd56addb2f54fdb776dc3d36bba436af9949d8ce5f7a0a6,gpt-4-1106-preview,2024-02-24 12:19:54+00:00
02c5483790a69005f1cae402e7122c03,1e78d84b6da59bccbbef7b7ada54e198b2595e4a49e27fab62f58794201c4ae3,gpt-4-0125-preview,2024-04-07 22:09:46+00:00
02f363e64043e012a476eb333f3557ef,43c5ceef4428714bc67aa386e9d6bdde7d3f3541e5b5772914888b02b32cff00,gpt-4-0314,2023-05-05 04:51:50+00:00
031fcbce73ca9ff529a80412eb35d752,965a6f20893f2bf47e9db08d9ba57e845af57cd16eb9d5125ae5840dbdf2bb85,gpt-3.5-turbo-0613,2023-07-01 15:32:07+00:00
050da46038e6350c4ba5296eb731435c,373248125644efab20412298344e8eb6587c1fca82b5f85ffeb674deba8416e8,gpt-3.5-turbo-0301,2023-04-20 12:23:50+00:00
05a0e3829b71e9b037146193e803cdbf,965a6f20893f2bf47e9db08d9ba57e845af57cd16eb9d5125ae5840dbdf2bb85,gpt-3.5-turbo-0613,2023-07-16 07:28:15+00:00
05d383ff45cbb99783559c7adb74e673,a4ad042ab72022b40e9dbaeda7851c5a5206eb2a3bfdc316695df3577575a0b5,gpt-4-1106-preview,2024-01-23 12:12:03+00:00
0612528d66fb1e3dc06ee9ba77030c2e,965a6f20893f2bf47e9db08d9ba57e845af57cd16eb9d5125ae5840dbdf2bb85,gpt-3.5-turbo-0613,2023-07-08 13:16:22+00:00
06175d04fad92d05925f14150db14e85,780808cbf36abba6575b40db0609678be11c498215bb43231809eff0f739c2eb,gpt-3.5-turbo-0301,2023-05-08 02:02:33+00:00
065afce64c1e5e56254f10a191190575,b88e76e73ebb0250bb72017df5c8da77d5feeb551293fd05900d17ab3017fe03,gpt-3.5-turbo-0613,2023-09-28 12:30:00+00:00
067e77740ae7e1a1be1285d7b7e5e82b,0c281ccffa19f3b84fb79fb770502ffd9da67b5677dd82f26fbf2b3543ee6f70,gpt-4-0314,2023-05-05 08:15:11+00:00
06ffda0c3ba5795fe18a58e064c4e0bc,845ea899ce4f901b206f99324c9dbcd0719a56e5c6d0bdf7a3665e538d71e1d7,gpt-4-1106-preview,2024-01-05 15:32:39+00:00
07214818b964927281d537d1d3affee4,59cc4f76716725cb58f0170c1c2f10127c2b231833743b05e3cf178020ae0409,gpt-4-1106-preview,2024-02-27 01:14:14+00:00
074555a89975b7a274ff9c6bc9836949,07dc1c89075826f56f1ede1a5a3e8b150858fac945ae3206e3c77cb3cc9ba609,gpt-3.5-turbo-0613,2023-06-28 19:46:56+00:00
07c5718f553cc9c1d8e6186fe79e536f,5c4b114bacc8c7444c626d5244bffff6c954d366b40edd50b7c3b4e87bda4106,gpt-3.5-turbo-0613,2023-12-01 05:07:38+00:00
0866f4e89d4b84dc2a3f6f564e375d62,f6340c97747c83b23315c081c2946761179988354b229959d2edc1ddbb6132b0,gpt-4-1106-preview,2024-03-03 13:09:57+00:00
0886cec9aa0b0e40babad378f05067e0,eba766e608a3f8ff379d37e431ce965657d16d33752d2a2b53d4713027efac9d,gpt-4-1106-preview,2023-12-10 13:10:18+00:00
08de76bb97bc4d54f286032e20f6410a,83a75edd74e567f013f6f27af2f654e154becf967f325fe44a3912585ab2ea06,gpt-3.5-turbo-0301,2023-06-07 03:05:29+00:00
08f7f5d0ee7dbaa7f2ed119c0108c7ac,4f9eebe4d3aa150f6727b700403ece605465749f0e9f48d1f1821425b2c03e89,gpt-4-1106-preview,2024-01-30 17:25:01+00:00
093b8472acec5037398cf20ba1110ca4,85c3028404f64a25c2794e133fe0e6849ed9a825d966c101c2abd5cff4f41b89,gpt-4-0314,2023-05-17 13:05:35+00:00
0a1f8e8c0177965309fdf906e25fdb6a,e5fc9b9634740449d1732491b0394e00b802eae62e2347985bd8ff4bf7305ec8,gpt-4-1106-preview,2024-02-25 22:36:55+00:00
0a43263cb81993d23fe5721decacbc58,8a8c8f3cb377203a8c1beec5eb483f4b571f94fdc087f0d8678ded11aa34e6c5,gpt-4-0314,2023-04-17 00:46:20+00:00
0a81bbe6c65cf471c98995248a69b206,4761f97cdaf9f3d0dadef23bdb32b2353b373a8fe8440b4cab3dc8c5c6bfd819,gpt-4-0125-preview,2024-04-08 09:52:18+00:00
0ae5a625636e787595b48d2ded5c75d8,2f08b99fe771582792c44d453f49b922302b401a383e826a1e0a473cd629d278,gpt-3.5-turbo-0613,2023-11-19 02:29:31+00:00
0b37d51c028832b7c452a33c60810dcd,87fdd85687306762b7ab0d147663a3f3d2ab4ccb492292a1d3c4587a4683e776,gpt-4-0125-preview,2024-03-21 17:30:20+00:00
0b75d53aa5ac295e8f6e87b046dc13ad,c857c8d3b2c95cd61b401ed2b81ea28a9ee41db5b34b08c3231f84cf27117e9e,gpt-4-0314,2023-05-29 20:28:24+00:00
0b8cfd83c611dc783b1b0d9ae64f9d4d,3f67bbff4aec070a8403dbc6c0506573109eea7c57bdfe2d6a64129e07be7b5f,gpt-4-0314,2023-05-01 14:31:52+00:00
0c78ae3161983919acccc4fb04ba4b9e,1b85562579751b090bb3ea3031c9ec923ddea2937be9f981ccf1f9a1a6416efd,gpt-4-0125-preview,2024-03-17 14:28:27+00:00
0c7d3ea9f8cd5ef22909cd0a91066dc6,dacbb8943e91ba092526b9821c6e585e72b58e4465ceff69ad44a6c204036fe6,gpt-4-0314,2023-05-02 10:47:04+00:00
0d4fdb965527900d8d7b19924fae8206,def873eaf3ad3e94b22ae4704c5600d27ceb37d7a5b63f4dbab35dc9b9f0bf2c,gpt-4-0125-preview,2024-04-16 18:22:26+00:00
0d64dd5f74fb62747bf467b4f8a9236b,e0fc067dde3fb8482fd383e6cde7bf238631960950e3f07259593d713272ce77,gpt-4-0314,2023-05-09 19:13:23+00:00
0d6691354471faee1f905d1ff3d30069,9098115f677ca1dea0677532c0afe9c794baee25cd092bc2e944caf056698bb8,gpt-3.5-turbo-0613,2023-12-16 20:12:16+00:00
0d73f53c1bd1a09436793474ed100161,953bec12843b4c9b6d6683923d0054356ddfed710557b76933d65b7e5f3d68cf,gpt-4-0125-preview,2024-04-02 05:35:03+00:00
0d901651cf3de1952fff27ea800ead47,be995f603912abc5b79d2e4174a596c9c9f27b59ff9107732f38d7380de0225e,gpt-4-1106-preview,2024-03-07 14:06:11+00:00
0df67725e948af8971e234fcf31bdca4,de42b52380c020974319e93a16c158467c2ac0ef5a34b3eb5580c0d8fc0536a4,gpt-3.5-turbo-0613,2023-07-18 07:40:51+00:00
0e0a8c347732ddf032bb0b63ce1e66be,2af2fe488ab6074fced524219d1e71bd05bbabb7d4d25f99a609bac2be760854,gpt-4-0314,2023-06-23 16:39:33+00:00
0e8f67ad753c902dec6808ea93e48dfa,d42f0ca355bc91aa91e626bfa04c3a1b35c997639a1f3a180354408eaeca150d,gpt-4-0314,2023-04-13 05:41:25+00:00
0e9829819efc32d3197cac913f59c760,a90dc16d3d33f40e558531518a26921cfdb381bc7f22865efc5d1bcb28c0a401,gpt-3.5-turbo-0613,2023-08-30 00:58:33+00:00
0ebb7204030f0cf28afd507518bcb781,d9f3779ea0b76abf940264c5b1ee4bc6cccfc439c72cf39718222d5cb4cd61b3,gpt-3.5-turbo-0301,2023-06-22 02:31:08+00:00
0f1d0f23406fbc71607d8f503b24c34f,8fa8917ab197c3dc66d7a72f5f99da0c02f4f453561c37ad06bbfa33abe7f19c,gpt-3.5-turbo-0301,2023-04-11 13:51:51+00:00
0f24f7f6c813798c856595a8f8486ac5,4407b0ab833a1e7e7117f1d48ec471bcbc9f6bdef0cd937c6fbb6df5ad65bdf0,gpt-4-0314,2023-05-10 02:40:07+00:00
0f42f250e6fac903fad7236cae058882,8939424e61b40c6ffebfe345700ef685ff0819f4a237de6e478a3ad97d6a87d7,gpt-4-0125-preview,2024-03-31 20:07:13+00:00
0f53f2a795661b44fb7b62b5188176b1,fc7f3e7ca5f6184844fb338ab06d92ba19ce20f904ec2237b4cc35d5baa323e8,gpt-4-0125-preview,2024-03-27 04:24:57+00:00
0fb2814d1b0cd37d30502da5ec778489,c714cce1ac1baad8711be8f30e30daef470aa8bad7f60085cb1f90265a56efa4,gpt-4-1106-preview,2023-12-01 04:28:39+00:00
10fcf15d7b0e42a635388ffcedc69dbc,a81036f8bec33f1325c29d7badb1ce62651c9b131bf8d7750628365643f77562,gpt-3.5-turbo-0613,2023-08-11 11:52:49+00:00
114b4d189132f8813ef46571b6e6767f,c857c8d3b2c95cd61b401ed2b81ea28a9ee41db5b34b08c3231f84cf27117e9e,gpt-4-0314,2023-05-28 04:03:45+00:00
11c140f6801e33e70b77f04a15e469af,a4252e97d4eb4fed2709869c3f86901c7cef4d605ee27ba025a2d4794fb5b57d,gpt-4-0125-preview,2024-03-15 18:17:40+00:00
12108313862cb11ef1d37502504b8056,35590cee72986d86c93a7bda0e46bec766581c6d7dc0e30b1d0634e32fef56b9,gpt-3.5-turbo-0301,2023-05-25 17:48:43+00:00
1218981a6a2d185bd0e77413207cccf8,a35d805a8e8c06b6bddde4bf3cde4846d6a183e925886ab3abb1ad13e7b6d302,gpt-3.5-turbo-0613,2023-07-20 21:01:43+00:00
1276f90aa39f23ef5754c158e99c86ee,890c6ddc4c46b5111f87b9398cf319cff9e31ceb15b76f086b615354eac89eba,gpt-4-1106-preview,2024-02-22 13:39:21+00:00
12902020da0187ce2a106f076ceee8d8,8a8c8f3cb377203a8c1beec5eb483f4b571f94fdc087f0d8678ded11aa34e6c5,gpt-4-0314,2023-04-17 00:45:04+00:00
12a11169e89e12696d93dcb250952fc6,ceb40320254f6ad2993128579c0c37a3fe6289bd84ecc33c2220876c68aeee83,gpt-3.5-turbo-0301,2023-05-22 07:12:48+00:00
12a62edb6a708c7f03f0acfe974159c7,9858658176fa4908931622982f641efe94562c54743b611142d0914c0436a898,gpt-4-0314,2023-05-05 23:27:03+00:00
12dc8af86be5946166f52c6bfcdfb187,5f26356350764199ed3295096d37a1852c73d6f9ae359e7205046ef6b10c9a7d,gpt-3.5-turbo-0125,2024-03-28 15:12:51+00:00
12e8be0f2b5385bcea4d2d9ef222c4f3,da23accc83adac15b58a03cae62a890458a31af00eaaec0dbfc56c6d90e4b151,gpt-3.5-turbo-0613,2023-10-30 21:02:44+00:00
1307ae859c29245715e14515fff13a73,5770463c601dbcf56c55611e999022e0346fd426749f4b1c1000d7cf56c3747b,gpt-3.5-turbo-0613,2023-11-30 21:37:50+00:00
132120c64d42ba21ea992f168125f48e,20bcb33bb781865ec5a2aa21a56b81d00a45123216bbea777c0a2703b656dc7f,gpt-3.5-turbo-0613,2023-12-01 00:43:02+00:00
136d89c8bf5e3d17af516130b6753972,8923564ee41f34960881b357ee69bd899f49135ca24d70fafca9e812697dad1e,gpt-3.5-turbo-0613,2023-09-05 19:47:31+00:00
13705058cac733adc02d77db6eee9b73,3f67bbff4aec070a8403dbc6c0506573109eea7c57bdfe2d6a64129e07be7b5f,gpt-4-0314,2023-05-02 22:53:56+00:00
13b258fcbf9960d86b0ecf990e116023,4d8bcd2a3f5a3b8390134dad1587eab61e411a847a9ecd66fff06980a3b80459,gpt-4-0314,2023-04-12 15:56:34+00:00
141bb4e7662c72d9ec1f2482315311a5,c857c8d3b2c95cd61b401ed2b81ea28a9ee41db5b34b08c3231f84cf27117e9e,gpt-4-0314,2023-05-29 16:42:42+00:00
146aa46711a56fa5836707af13f5c581,babac3f4d1703438d63d4f66c92fefde1a91bcb716ad5036831244fbeebefac3,gpt-3.5-turbo-0613,2023-11-24 04:48:37+00:00
1480d23c410e55269565c1e424a12747,8635928f2a3a92b9cc57430161c1c89a0ea9d0504055f0a8ddcaf47c658b0cbe,gpt-4-1106-preview,2024-01-20 22:29:41+00:00
14e3bad30e7cba849b6b7b97556fd111,089ee3e1e0a4306ad5cac0a9c8610788ebf4163f398b33bf20087dad4f19650c,gpt-3.5-turbo-0613,2023-11-02 09:33:57+00:00
1524496cd749a6c6ef55b69e65a434e3,3f67bbff4aec070a8403dbc6c0506573109eea7c57bdfe2d6a64129e07be7b5f,gpt-4-0314,2023-05-03 08:24:15+00:00
152f04fdd52cc4ceff1812a8809e40de,f5a2d5e713501be1093b3387192ae9b606973b0c09cccafa5665d749a3cef8ca,gpt-3.5-turbo-0613,2023-07-03 19:14:11+00:00
153b9c3a921042250ecf06cbda7ef135,caa80ae1617d3e34ea993538d0f85007dbab04a53a060b804b6688e05784c884,gpt-3.5-turbo-0613,2023-11-10 19:03:31+00:00
158961270b46f827311e71c6e6648b3b,dc84828d476c4723e636f2bed4822d6e4f06cd59cd0afbbe777d59bfcb3a93bb,gpt-4-0125-preview,2024-04-23 03:17:19+00:00
15ea3f9e79916a9a2f1f3d13fcbbde00,9205195c53aa3a0e50e598a79ba122d802b0752db033b3d7f035184cc1f06839,gpt-3.5-turbo-0613,2023-10-01 20:14:57+00:00
163d0f28ef49ef952f3cc99087e67a9a,0e3bba044b90713db99594fbc2eff15b1ba999b5177dcba3b27e514dadb65597,gpt-3.5-turbo-0613,2023-10-21 21:55:01+00:00
1645fd05ea6c63988b70200c1d91af2d,ce41caf5a77d87b15b1acf1d0b8c765de00b8636e565cffa2023afd1373e237e,gpt-4-0314,2023-05-23 06:46:56+00:00
16e2739360b7312f4a45cff14b0fc4e3,3dcabad46230f420886bba003c42520c4188c8612f3894b4059c6beaccd442ab,gpt-3.5-turbo-0613,2023-07-29 10:06:17+00:00
174b95db63d897a8fc8da86a21892637,708f3830f9ef31914e69505fbf991db92fc5ab3eb616b294a2ad7fac1785fc81,gpt-4-0314,2023-04-10 01:38:36+00:00
17981c4a17a205d9d3766ee059f90f70,34d3509d35231dd1618aba710743129c4b7d7e8941b8687c8385285d2fded8c7,gpt-4-1106-preview,2023-11-24 06:38:53+00:00
179b04defd3f2d367dcc139b38bdfe02,6c4853f234f085a366951bbb6a9ce27f30b3a95b14bc228f912d9ab36f97b3b0,gpt-4-0314,2023-05-25 03:26:49+00:00
17cf685f4d24d5f80fbbabf7ce2d52be,6835a85f1d3f9a24d848a16d7fa5f3ddc1f9e739046c0d13ce471d972edbfb9f,gpt-3.5-turbo-0613,2023-09-28 08:52:53+00:00
1800c1c10fe75dd299b4217401d74f74,38896cb94e4c74501be24fc8d8c5618ed64de79cb04a04cc7ca55a9cfa1d761b,gpt-3.5-turbo-0613,2023-08-29 15:58:22+00:00
18332ea081c7856656169f2601283ecd,92feaf3689396caea94d8250c6f319c54659f8458dd5875fd24075f6b95d4c47,gpt-4-1106-preview,2024-03-11 20:51:11+00:00
18b2eef2c56cc67e8b05b50948632023,335024136721da1380a465acadc65b76985c271b0c8133a78255a9ee979e8b0d,gpt-3.5-turbo-0125,2024-03-04 08:46:46+00:00
18b4793d2e4b797a97458f3c8ebb8426,2ad9636c3b28a9fdc4402f7ac0a4491f335e791367d7c29b5099c09a04f64a57,gpt-3.5-turbo-0125,2024-02-19 22:15:41+00:00
18d5cf38e0af842573102afc7078964d,4958b0f680bbc8accd45529991b8ec2395306552655123a32a09cc88b1fdfb5e,gpt-4-0125-preview,2024-04-05 11:34:40+00:00
18e89340fc64b8f515085460c603a715,dc3fcbe31fb3e1ae9a6bf3cc10c9ce6d6a8605cf2f1decc23c618872394bca6b,gpt-3.5-turbo-0613,2023-07-01 18:34:59+00:00
190671e3fdc5663e8793cac9cc8c2ca2,f69b78530077cbacf5c852446e7e221224de886180bbaa0ada02d96715dbba8f,gpt-4-0125-preview,2024-04-05 09:10:57+00:00
1963dca4ce637b11faf14d0da06e8a55,8a8c8f3cb377203a8c1beec5eb483f4b571f94fdc087f0d8678ded11aa34e6c5,gpt-4-0314,2023-04-15 03:05:11+00:00
196cbd940bb41cd3ca0f37ec0e7da0ed,93a2b45bf889297a9cbbfe3bece52f9c57e3227429392a5058227dae954b159a,gpt-3.5-turbo-0301,2023-06-24 11:27:27+00:00
196da080264e35d673b5acaeba547629,3f67bbff4aec070a8403dbc6c0506573109eea7c57bdfe2d6a64129e07be7b5f,gpt-4-0314,2023-05-02 22:57:28+00:00
19879253620267f0a46e3139def99925,fa0d625737a08c30e1d51664461bacbdf3c5c49318313ed190ef4e75f6a64207,gpt-3.5-turbo-0613,2023-12-03 07:46:21+00:00
19ba1d05a332c28eddf8cfe62e24eb4d,f6eaac55db12a482debc0992808f5100bdbfd9689f1b3cc78e607bbe61bf242c,gpt-3.5-turbo-0613,2023-07-02 20:55:27+00:00
19bac2eb5e3157a809a76469445c4660,1e6fbdcb72294e0c0df06e62146d24362f1f9d02ef595950986f827cf81f3afc,gpt-4-1106-preview,2024-03-08 16:59:42+00:00
19cb2a77585a73723f913485fd919b03,b0fcdb64fe6c8980398f088e9b05f4e4fe4849a5c85f91e70b54e0d07769ad7f,gpt-3.5-turbo-0613,2023-07-02 18:53:01+00:00
1a0100c53c35967f1362406fe3d779cf,c8d7ad58dc11259b35e69abd78cf6f16544413c9719557f483f4f14fe55d5bd0,gpt-4-1106-preview,2024-02-20 16:04:38+00:00
1a6739206697709cfd4ff904d1a308ec,d5599ccf1e588aac0ed8f7a09742c8f33b44964de4ae215c4065d73913b7bd18,gpt-3.5-turbo-0301,2023-04-24 22:56:11+00:00
1ab32d7a72227e03c4a765620db51864,aa3faac65feae144f5f75b17277561e9557a1a6bd1911ed47ac847a15d8ac756,gpt-4-0125-preview,2024-03-25 14:23:23+00:00
1b4b6ff52af0630d77f37ba738b7de17,604921ae887a7c46e04dadb0eb4ea7049c363f845e817a20bb82c2c8aecd937f,gpt-3.5-turbo-0301,2023-05-29 03:04:24+00:00
1b7aa76149ccd2c043a41ee198bc1a37,953cc8e61e082e66978061c2fefbd88530a9515a4e8b11ea7606371c85144c18,gpt-3.5-turbo-0301,2023-04-23 08:46:43+00:00
1b98bbcc17e53e0af056ccf479f544d1,aaf2eaecf4d427f031600261479289931263b946d5f2843f6cdd97ed1aedb9f4,gpt-3.5-turbo-0613,2023-11-27 08:34:55+00:00
1c0520993fa2ea37fa307edb4f288080,ae38375aadf6b48b7cb2029377d3b582decf0ed7ff20bcefb14c0035948de9ef,gpt-3.5-turbo-0613,2023-11-30 12:43:20+00:00
1c68f8749e84e6074ce1ddc24004b041,d5e5d063e5c21cf30cc77b3896918a6ff593b1508dda7494b08438e291ec15cb,gpt-4-0125-preview,2024-04-04 06:06:03+00:00
1c7d4937bcf0fa4ec7a2b70594ffbaad,8959b0a80a57faa63a09b0796128f3b3bc4223e8ba9d2ea32f9a29d044f116cf,gpt-4-1106-preview,2023-11-23 23:43:34+00:00
1cb63d9c94e389446b2f7cd6600e7ed9,890c6ddc4c46b5111f87b9398cf319cff9e31ceb15b76f086b615354eac89eba,gpt-4-0125-preview,2024-04-17 18:38:07+00:00
1d35b6a1205550859bdfc8dc09877ee8,aa094d531aa26cb2113f66b011776cb7579f6055773d3d7ef787ae360879b145,gpt-4-0314,2023-04-17 23:51:34+00:00
1d623970eae5ffabeff56042b6eb34b9,33e20fdd0006eaa3342c49ac560b99afb2bc65dd8bae4721b0b537f3b4eac869,gpt-3.5-turbo-0613,2023-08-13 04:56:38+00:00
1e21e4bcb72485c43a88ab2a3b50f2c3,ce3911c404a8c8b8f8c331223771d35b8e6e0bf951eb15258c3478e0f2d3ee84,gpt-4-1106-preview,2024-02-23 15:25:06+00:00
1e49d740d816cef0203537b157ecf7a3,07b3e17fac3953b024a89da35f7d57bc8b7f5860524d96bd5a9900a118033fa3,gpt-4-0314,2023-05-26 20:26:47+00:00
1e8afcd273dbf6a891b57fe9cb755e0a,b45a5584b3855b35df8889a9c280eb7ac64847d16df0fc10c58bd64db17dcee7,gpt-3.5-turbo-0301,2023-05-01 19:43:44+00:00
1f5ff4283d39c2e3fd6d8d04b28076d9,b215fac6946d31aee3fdb70f9a905e33df6a398e93c6932ee5b270a79279603c,gpt-3.5-turbo-0301,2023-06-09 08:33:22+00:00
1f71c91fc5d6524702e658aadc4e7b58,f2a7d09ceba2de701fca03f0704394c2b14f1d50707cb5bc9d905655bf1264a8,gpt-3.5-turbo-0613,2023-11-15 19:03:37+00:00
2023a7cd01ba56735dfb3bdc621b44d6,141866f8f5252714c1ef304c3c54fa6160de75575a2920eec73d4a51323c0c45,gpt-3.5-turbo-0301,2023-05-15 13:14:11+00:00
20ae828f37607053899cc39425b5e3f4,8fa8917ab197c3dc66d7a72f5f99da0c02f4f453561c37ad06bbfa33abe7f19c,gpt-3.5-turbo-0301,2023-04-11 13:49:41+00:00
20d081c3ad0c66a27eef999e8eb4232b,89fa9ac9f40abc44ece0f123d210f58a260a3aa112d24a5ba6a4f8a0a5a120c3,gpt-4-1106-preview,2023-11-06 21:48:59+00:00
21063981401c6cb3b4b22cd90d9e7dea,b4de2c4bdb6f249042433cc2e2960e7bbdcdc99ad5837959c3f51c533cb504de,gpt-3.5-turbo-0613,2023-10-18 09:21:21+00:00
2119d1e5fe895da51a0e882ade540919,cdd63eff447e8ed8111f826a57e5b24b60da7318741228e13334fd1392adf443,gpt-4-1106-preview,2024-03-08 05:14:03+00:00
21435db40173437377af117c812d16f8,4e9d4e8472e79e74501c579602fafb00ba885d1a2a1e17157257cd09b19c59ca,gpt-3.5-turbo-0613,2023-07-02 14:08:34+00:00
2213e289fe1a5962c8052fcb31a86f40,43356a90ddbf3fd5d33d075c3c7f7ddf9340ed10cc53b90a9800cbf74bbbaa47,gpt-3.5-turbo-0301,2023-05-05 18:17:47+00:00
223c9891c0a52f70e23874f4a459b3d5,11373dcb70344dfd95f27f5afe3ea9a24f9658531d6e65ecc994169ccd4bf88d,gpt-4-0125-preview,2024-03-22 20:36:15+00:00
22d1b29a7ab6ee6985ee550de4daf754,906aceda9928e1ff386f4d60afe14ec062482a40d0c9ee87f9049ca2833bf808,gpt-3.5-turbo-0301,2023-06-10 12:31:23+00:00
22d502c76fe3c533345807c912ae79ff,78e8993e7853a0a1ed22db41d060cdcdc7315c278ff399f9d8fc3a9f9c076d1b,gpt-4-0125-preview,2024-04-13 16:04:09+00:00
23210d11d49c5e9da9420efe037c9327,3d18005c7e5078dafb532cf4a5f463f7744fd969f05859d3172024d4045f2fe9,gpt-3.5-turbo-0301,2023-05-12 05:50:39+00:00
23267b6beaf73b2742b4737c4e7361d6,a716e1208e17d6877a39b045e9028f8164abc16bd2cf923ce7ca59bbe9e2b742,gpt-3.5-turbo-0613,2023-08-24 03:17:14+00:00
23611d55eeec94eaa9ee7740626d7527,2586006c868ef15f923d5c7fd6ebac71141691f419cdac6ed405268364474cde,gpt-4-1106-preview,2023-11-20 03:11:38+00:00
236e2334d2a69386286aed4d83485423,507004db8120f5a3403bceae17431d3c48fce87ca84f4d7b6d2f16cd211a7021,gpt-3.5-turbo-0613,2023-07-03 23:11:51+00:00
23bd41742cabde3f4cca309f871877a1,cecc55ca1b6ff9d891780864d9c49c6736a2d8dc5f79119b0192574502790bf8,gpt-3.5-turbo-0613,2023-08-14 12:17:34+00:00
23d153c33c9f1b32d1be0d02607f8681,d5d0c022a440c9727b2034c8caa92f8752709c1d5c4115c5dee5b7eb95d840e2,gpt-3.5-turbo-0613,2023-08-16 19:50:16+00:00
242683ba8f706bf9e6bce30adb285a17,d0dc2b9e50c50f28e96737809809d502d1a293797b886743fa16a01784c27a22,gpt-3.5-turbo-0301,2023-05-08 13:33:01+00:00
249cd88f550aa42d5cef4437119711c7,7a17f97fb960881b26c2656fae12dc2dfef0c36e04c401b968178e6279cba974,gpt-3.5-turbo-0613,2024-01-22 14:32:10+00:00
24a6fa076451907175ca0eb1030dedcc,d5599ccf1e588aac0ed8f7a09742c8f33b44964de4ae215c4065d73913b7bd18,gpt-4-0314,2023-04-24 23:13:26+00:00
24e78dee6228d72928d035be0628e308,890c6ddc4c46b5111f87b9398cf319cff9e31ceb15b76f086b615354eac89eba,gpt-4-1106-preview,2024-02-22 13:06:15+00:00
251e9728337f189434080719bd9fa238,c714cce1ac1baad8711be8f30e30daef470aa8bad7f60085cb1f90265a56efa4,gpt-4-1106-preview,2023-11-20 00:38:02+00:00
2530475b9d1c7b915f07e25650648661,bf921b911e5a8a0b9b6a133053e049070399a5873367231ecc887f1391ab627b,gpt-4-0314,2023-04-23 14:33:34+00:00
2557dd9ea551ffe5f65f4b27f0b446f7,4babeeb197f3742f0b388966011ccbea0c23da106e283cf9685382cc9e51c5e6,gpt-4-0125-preview,2024-03-19 14:32:05+00:00
25af1e16c7c4864a2edea7e8934c5656,33dfeabbd8e50ab0f116f27808aefa0883cea7fcb1da356f311f4fe3f7cde18c,gpt-4-0314,2023-05-05 12:13:05+00:00
25b777786f56459c318cfb97d4147c79,01a23a0f62e860aeeb7e8f5d8620ed953a2f1a6630b9c7a0c9c3686e32ff2030,gpt-4-0314,2023-05-14 19:00:27+00:00
25d19bcf44df96425a310a2857203f54,c329abdbcb66d748ed58dbe0d9b8c019069238615ebc2fe016f45f373132c189,gpt-4-0125-preview,2024-03-21 12:10:21+00:00
25ebb1d6ca55cc77109ffb76407b2175,6affa683d0bc59517340e2c938e4ab43b958676cfb919fae1c0e4b090d822bce,gpt-4-0314,2023-05-13 01:09:55+00:00
261614780d93261969f96ab74cf78326,0c26a2475ea2bb298fd368bda80229ad2d9716dc8a17c30587470ee1843ac8bf,gpt-4-1106-preview,2023-12-24 14:25:34+00:00
2663d33f652cba100fdc412b3de8d4b5,93a2b45bf889297a9cbbfe3bece52f9c57e3227429392a5058227dae954b159a,gpt-3.5-turbo-0301,2023-06-24 11:10:45+00:00
2665be1106d885d982f46986ede16c7a,a078cbd154eb93dfd92f6683b592a5a67ded411a275c30983e3ee0c84c2a837b,gpt-4-1106-preview,2023-12-09 08:51:19+00:00
26fa87aa1fad7f4dc33c7c8b924d0de3,65c65d6dbf104abc529048c6e175153419f487aedc5e4dc15a45d229d9033bf5,gpt-4-0125-preview,2024-03-24 05:50:05+00:00
273213c616abf05d3718231f49c289fe,0fded94fbe8eabb1c361681d6d92b1081bc7bdb680a3d4e4c65817e78bcc7ed2,gpt-3.5-turbo-0613,2023-12-07 09:44:01+00:00
2736dd187b248a87e16c34b7ab440e13,8f45c2d4eabc0026ad2dadeb4362d888be7dac72c7ddc95775994e95f8fd190f,gpt-4-0314,2023-04-14 03:37:37+00:00
2761546fafe579bf61c0c58400cc7efd,38704341a2a5872f5661efd3e9bdba8dc0e890f11bd98a26ec1ca8b921d56133,gpt-3.5-turbo-0301,2023-06-04 20:30:16+00:00
279527db70a671b914aa457cfa3485dc,12e31e0e598aeeaf7fa18cd5260d5de8ca82a961e2efd3fdf992d57cd31c196f,gpt-4-1106-preview,2023-11-24 16:36:32+00:00
27ab7f88eedb8c33a7d7b1e3833755b4,5a30bc591252a37106f00cad093fe4c71d2f8acc7e04793541850482b2d2d9ff,gpt-4-1106-preview,2023-12-10 09:54:13+00:00
27b4feb57f2e64ad8f2a1e97eec86a0f,9c8b3188a7d593bb90f7f6f724ed2d3cfdb1d29aba4e7cc050e043e8257b1b50,gpt-4-1106-preview,2024-02-28 02:05:41+00:00
27e5c38f434f2901e5fca61d991c7c45,6c2bb476a799f29d31a1ee594222400f762b3aa96ffee1845a04b22c6ec3dafb,gpt-4-0314,2023-05-15 21:12:55+00:00
27f89f910c2bc364afbd8b35fc411ac3,fa0d625737a08c30e1d51664461bacbdf3c5c49318313ed190ef4e75f6a64207,gpt-3.5-turbo-0613,2023-12-03 14:17:43+00:00
2848cb483c2313e95938136ff8d2f137,7cdea8a1e0e581835aaa0a5cfbc4107acd4d0082f6ebf010008f02108accff22,gpt-3.5-turbo-0613,2023-10-08 21:31:46+00:00
2856f19fc9a8af2d987e7abdcd7bb439,8a8c8f3cb377203a8c1beec5eb483f4b571f94fdc087f0d8678ded11aa34e6c5,gpt-4-0314,2023-04-17 00:45:37+00:00
28b4f2cdfa2ead8648cbbae849924bc9,311c64dc2a7b207746af394a2b04a43005902220bec2711f5e55f7bf56676592,gpt-3.5-turbo-0301,2023-05-04 15:04:31+00:00
292db518ce2dce7bf94e2cda6bf8cfaf,f79ee9647e8b51e22526faf1e65a99ac82613609848c4f1c76f0cacba61e1103,gpt-4-1106-preview,2024-01-16 04:45:13+00:00
298745e80aa2c00951ecc562df5c8ecb,9662671ae6bc2ef895998fcd7140a51752ada218120af8beb8f0d31c9e1f6eda,gpt-3.5-turbo-0613,2023-10-07 17:58:20+00:00
29a6f9561a39ccebf47f9d3c924339bb,412e448c2af19d6110d6a6acd19c7c5058c0798b074c4adb12eb7c52f13218ea,gpt-3.5-turbo-0301,2023-05-29 01:53:56+00:00
29b126478f4951e4847c331eae529742,2179b55781434a029b0f30053e62944f3ff9c9494d956907c4e125a867bca480,gpt-4-1106-preview,2023-11-29 20:10:46+00:00
29f009044742db7faa4f4dddd61d0fa3,bee9a01c36b3a4ec09bd7f603a09ccaa641c9888125efd27b48f17bda4b3b531,gpt-3.5-turbo-0613,2023-08-29 13:00:16+00:00
2a0abc41da58692d90fe20bd2fb00240,d877ceab4593037b2d48a574a6e77dad396c2f7239764066ada0277ddf4288b6,gpt-4-0125-preview,2024-03-29 09:00:51+00:00
2a1304a57cf1a94c0d9fba10c2a85aac,ac46e61bfb446bdf673e36267cee1d1d0809021f0743bb738f7601326aee1ad7,gpt-4-0314,2023-05-15 03:58:21+00:00
2afdf133085e2eea993c780a0d82e8ee,890c6ddc4c46b5111f87b9398cf319cff9e31ceb15b76f086b615354eac89eba,gpt-4-1106-preview,2024-02-23 14:41:10+00:00
2b92866a1ee748db621f4b4e81bd2b36,9337846314117a14202c7a91cab40ef33d97ceb879c4e772e9a34c719211bf5e,gpt-3.5-turbo-0613,2023-08-20 08:34:41+00:00
2bcdc50236756d01536d8a22fde74860,dff9c4b7d55820c3644bc5056e91eb64b7dadcea85bf6d43064346574c0ff0ed,gpt-4-0125-preview,2024-04-28 09:19:18+00:00
2bec2647f8f0c91397687a07a3732fb0,088b4d3a9dc9072ea0539f24f3271efb7aff3fcab93113dccfe9d4e026c490fd,gpt-3.5-turbo-0125,2024-03-04 18:47:23+00:00
2bf6c8f00f8ff43613a2315d1d97081c,d85026d4cfffe7bbc334987b6724267e0167865be359e11db865d4a734231b20,gpt-4-0314,2023-06-08 11:51:58+00:00
2c3fc5411998edc4b630f9c3841bec9c,890c6ddc4c46b5111f87b9398cf319cff9e31ceb15b76f086b615354eac89eba,gpt-4-0125-preview,2024-04-17 10:03:00+00:00
2c445c160eda1ba4e4cfb58bb2f76bce,f17f65f383b613bfd3bd778727fe31c83624dbdefdd38970a1aa46fc55669a77,gpt-3.5-turbo-0613,2023-07-13 15:16:29+00:00
2c8ecba8ff9992df5c88458d59f7298c,80c5b25a1763ff8849b60d99fe1b657eed82e826c3828b75aa6fb0d90b5d0255,gpt-3.5-turbo-0301,2023-05-29 18:25:47+00:00
2cbdfece7f2b174dd91e135d68917034,bf1a732a372a86f4345bd52ff0436f45cef8d9309794d41fc32be7d2708761c0,gpt-4-1106-preview,2024-03-02 07:25:22+00:00
2cc65082bb25f33e20c9c6e5c27e9d04,07b212a76de25a009ecf27637b6e28f84481c0ab473e7ffb01374d40783bf598,gpt-3.5-turbo-0613,2023-07-11 10:09:21+00:00
2d05f54d0c74cb10fcfe48b138dce542,1aadd233c6e944e65e4c70d3db3281f50eb6e2eac4eee789a47338355f0ea0ce,gpt-4-0125-preview,2024-03-21 16:02:06+00:00
2d394e35867fb5faeca7cb3aaafa053c,d5d0c022a440c9727b2034c8caa92f8752709c1d5c4115c5dee5b7eb95d840e2,gpt-3.5-turbo-0613,2023-08-27 10:19:45+00:00
2d3b57917f0884ee8a651c9fafc86ab5,d12ce70ad2753117749ccb33ab5aecc144ca7f50a478d97f7ca15c2c7278afbd,gpt-4-0314,2023-05-25 03:08:11+00:00
2df8be36ab87a57db03389d09f5140d5,d5d0c022a440c9727b2034c8caa92f8752709c1d5c4115c5dee5b7eb95d840e2,gpt-3.5-turbo-0613,2023-08-22 13:51:28+00:00
2e2e7664b5e4c61c9952324fa3dc0109,53ff9c2d0bc699204b60dae04240fa3ead2dfc947f9020adb700bef7a18ebb57,gpt-3.5-turbo-0613,2023-09-28 06:14:47+00:00
2e35b66044eaea1a3bfedf1484a6dcd6,415f82a7fedeb0ed28bccd20400b3dd6043c963efb19ee701ea6fa301b782b4b,gpt-3.5-turbo-0613,2023-11-09 19:25:00+00:00
2ed92eeb0101823cf1098b15cb07e37f,33ec383f3cfd31de963acae0b80da950954f70aa00605b87ae0ee69e1d8e7414,gpt-4-1106-preview,2024-02-28 11:43:46+00:00
2efbe283ca0e0283f8b98686ff66b8a6,b97a8f96e163f0d235b21bf796a2c7906b3aaf3cf7285452a9def8d1db77d4fc,gpt-3.5-turbo-0301,2023-06-17 14:31:06+00:00
2f20061fe887e9daf8bf9190248aaa8e,76c88cc720da54a572c85e10495b0f5c9a5e15f30f913ed7bd40fbc2ccb666fe,gpt-3.5-turbo-0301,2023-06-18 21:59:49+00:00
2f2f16f8fd102509f698ff4bb3a27000,20bcb33bb781865ec5a2aa21a56b81d00a45123216bbea777c0a2703b656dc7f,gpt-3.5-turbo-0613,2023-12-01 00:44:29+00:00
2fb9b3621e6aa60d35491a5a72c3e70f,e78d7e0bbb15a58e8fa8be423ef697807df8e38a3a89d06df0a57699f12937cf,gpt-3.5-turbo-0613,2023-11-03 16:36:03+00:00
3011d982ac1a7a2a4f3e54938c3c1d23,ccab3308687b343191c9034087b6d12038e8bbace54069bc2017c761af24cc8b,gpt-3.5-turbo-0613,2023-09-27 17:29:27+00:00
303b172b3014fc5a09f1688dbcf8bfe7,488369ef9c81b24e13eadc19557008bd59ef16a48724a1fb05a9977a280ebe4c,gpt-3.5-turbo-0301,2023-05-15 08:44:15+00:00
312e1ee33f08c92d432e251eb5b01be1,56f2018d74e5d01a4de97cdd803000ad31778847be52b3cbb3f7c39c4e29385a,gpt-4-0314,2023-04-29 05:59:46+00:00
316b0a9e4f69358ab3f91b1d7bcece84,acfa41e6a0671013174b7f071d148f9bbb72dd4652d9029189b058afbebfdfb9,gpt-4-0314,2023-06-04 14:24:49+00:00
317d4d02a364f351c0f2c15ccb38f075,4ccc97e612cf981426470ad6af26ca138a4b7680f564963bdcd44fd390f1f001,gpt-4-0314,2023-05-19 04:23:24+00:00
31e88929d5e326dedaa4dd87ef7c3ea7,fa2114a22e38407d8f0e04b8263f67d8bafb4765bc760580733ad0c4c2d98fd1,gpt-3.5-turbo-0125,2024-04-12 09:49:33+00:00
33320843a82d209aad203b352b2b8b0a,439da3d94abc9c59ec5306d418a3913806c909deb8bd55d0f97d8098d60e6f44,gpt-3.5-turbo-0613,2023-08-19 13:29:51+00:00
337952e3991b11680787437113eb75ae,b45a5584b3855b35df8889a9c280eb7ac64847d16df0fc10c58bd64db17dcee7,gpt-3.5-turbo-0301,2023-05-01 18:40:35+00:00
337c4f9f0e3db2e9cc07ce54e615fc9c,acbd144ddf14fce69e036e30f683fd7603f4fe05c001e7f36bafcccfa7003274,gpt-4-0125-preview,2024-03-31 12:30:44+00:00
338a2040904f6e5c5c3539fc08df41a1,2e6db1eefcfd01c2e22bf964ec5cd899a0266c67919e41340cf19933f0ff6ba2,gpt-3.5-turbo-0125,2024-04-19 22:14:00+00:00
33d07c8037533c1d80581b5866098b0c,0c281ccffa19f3b84fb79fb770502ffd9da67b5677dd82f26fbf2b3543ee6f70,gpt-4-0314,2023-05-05 08:47:43+00:00
340dda3dc7a3a1bc0af2e01499bf0b12,60071f06eed95dae911f6838c17c413d1b571f508c154fc22f4490e7b43f1605,gpt-4-0314,2023-05-08 14:00:00+00:00
3442815e26ab746b0ae285b97b29910f,acde91be9170909179b6102054e69d1259322251d9bdeb77ddad1d7d456b0adb,gpt-4-0314,2023-04-19 16:04:18+00:00
34831bf02176957f4fd5ff557042eba5,78e0848251a80ebd11d7e99d0d0e8fcee2a9cd6f53185a02dae462b41d3ec0bc,gpt-4-0314,2023-06-03 12:46:31+00:00
34fc8aa1683ca83a4f116b9450b0280c,4ccc97e612cf981426470ad6af26ca138a4b7680f564963bdcd44fd390f1f001,gpt-4-0314,2023-05-13 08:16:22+00:00
357dee9ae5ef8ccd5e386c5f84066c58,59cc4f76716725cb58f0170c1c2f10127c2b231833743b05e3cf178020ae0409,gpt-4-1106-preview,2024-02-23 18:40:55+00:00
35abdb50a60132c2815d6cb97b665243,d2eb3a3f1827ed2852856d8e3466ecb21180a54af69c700016f388f176b6e5d1,gpt-4-1106-preview,2023-12-01 12:46:54+00:00
35e771af32c98e9a619eb82019854ad4,39b6401707d3e25ec7934c44fc52ceb4dee8be6d025d960bc520c62178860609,gpt-4-1106-preview,2024-02-06 18:22:04+00:00
36500f3eb187e49facf7134ad571f4bb,f35e146ecbfffd6019205f402b1e841fd0beef468dc00f2075156ac500227b13,gpt-3.5-turbo-0301,2023-06-22 16:03:25+00:00
36d5a58a1d8986ff3d80931ad2558f87,19b872be9eb1dd95daeb3f1143954200c5c2e74c7c3f54e91df78786d168a25e,gpt-4-1106-preview,2024-02-05 15:14:09+00:00
36dd1f242840f948cf2d0289ee8caec0,b3aff056f36a1e668439b7b1ee588b4c1ecd0cfccd15f609732e590fcf9a77fa,gpt-4-0125-preview,2024-04-01 15:15:48+00:00
36fa68ea425b482755d910fe00c33fea,75df8dc85bfa74b6772d65963dbbd6cb8bfbad713aaf855f4d7af32c89bd7fb2,gpt-3.5-turbo-0613,2023-09-29 18:40:34+00:00
375136522d8f487175b3dac129003978,6a043df678fd2eed8b0b971cb0e7377df81ad94fd49ae50caff6fe7eb4eae8f9,gpt-3.5-turbo-0613,2023-09-20 01:43:48+00:00
37e7f9e218c8bc4c959c416b53bef337,5ccd5ac03e23dd93e227fde6bd98bf2f65d4a035acaf09ad5a7a0709528c281c,gpt-3.5-turbo-0613,2023-11-09 19:02:35+00:00
37fbf43a37927efa4debefba605c9d6c,59cc4f76716725cb58f0170c1c2f10127c2b231833743b05e3cf178020ae0409,gpt-4-1106-preview,2024-02-18 08:04:33+00:00
3866cb662f9d02ad5b73a366f34f431c,73a0bcb5db3139bb1f4f5365983fa74ef27284191bf8cee5e4b096780eef3bb6,gpt-3.5-turbo-0301,2023-04-24 10:12:11+00:00
38ff2f8d4e9fe297c3ee240b680b5657,6ad613eebf787bb256b2b4bffad131cb59495ed3454cf495b77561f705496b64,gpt-4-1106-preview,2024-01-14 22:02:36+00:00
39a2ed880d9bf1ec58d6952780b4e4ba,21676d4c260b0c81dc22937c04cd673afe24e84580aa9a59732700c9bd085596,gpt-3.5-turbo-0301,2023-06-16 15:32:02+00:00
3a4f6d26352bdb7fdec04dd62549dbac,74d64bf45fd19390ba02cdfaa94193122769c347585689c72d96e754dd51173d,gpt-3.5-turbo-0301,2023-04-14 09:40:29+00:00
3a50f621ae32c7e18f91d304044cc120,81dd567af08dd1ef22c07ae640db3662e9a0e8a39f531822d8aa86b2f8474f48,gpt-4-1106-preview,2023-12-06 14:01:16+00:00
3ab106ed64f5b04caed9b3c61bee36a7,3b8bc11635718df2353db4da48c8f0902f90d57d1e8a7eebaf6b9684d4d012eb,gpt-3.5-turbo-0301,2023-05-16 20:58:14+00:00
3b270d4bc5d7f4a5cb1a251663a80005,324dd433792ccff7a46a36d53bcfca241d9f0cd50ce7562a15d4007ddbf5421d,gpt-4-0125-preview,2024-03-20 13:32:21+00:00
3b5e75ac26f87a1ee7f4522488918a66,6733b87b13f8b3272103228af4946296523bc881886e355cee7a2e8625ada1f7,gpt-4-1106-preview,2024-03-14 04:59:56+00:00
3b70e78bd841fb3d16c1d8eb262c5fe6,9c8b3188a7d593bb90f7f6f724ed2d3cfdb1d29aba4e7cc050e043e8257b1b50,gpt-4-1106-preview,2024-02-27 23:27:54+00:00
3c2b819de2c140b853a878a1e6064fa6,c857c8d3b2c95cd61b401ed2b81ea28a9ee41db5b34b08c3231f84cf27117e9e,gpt-4-0314,2023-06-11 18:17:17+00:00
3ca7a94077dce72ca2b477955e0fcc39,351d27df27e9c3b5cb042503a70bdb876b3576e7836e5a4256d0b8301139c7df,gpt-4-0125-preview,2024-04-11 20:28:47+00:00
3d2d4d86f1d88df9f485f691ad26c9d8,1f4d76dc69084b9dc6fdf7a3734f44858e02a928790ac90a331b047f7e065030,gpt-4-0125-preview,2024-03-22 13:29:20+00:00
3d41bcc2457199c8873794aff4d1581d,31d6f9fd6fe9b9dd26a248fee7a2fda0bbd978c2679fcccb2090ec2f6cd316aa,gpt-4-0314,2023-05-07 03:23:44+00:00
3d4fe2af7d067c527978d0ad062d0724,47a8d614a5bef6f820c383c993d6de33637b96f5db0d1ddc55fee27468b4ca9a,gpt-4-0125-preview,2024-04-29 22:04:53+00:00
3d69c0a55f22a07852addf64408ae378,f233e1f897f61281b35bfc7ad54006546fa2240b666d068e0a7e587c86b3f211,gpt-4-0125-preview,2024-04-16 15:37:04+00:00
3d89d0c018902a1e51ebf20fb63ec440,b2d7b0e5a49c70e2d71e48bc6019fe53ae752a4e7ef7c07e0b94460ac80d1302,gpt-4-1106-preview,2023-12-02 13:14:11+00:00
3e1b6e5070bf7d5e34fa5feed7d15ec3,c631b40bfb483707be0d5eeed126f866c474ef7a85c151d0166d71a09f1ec603,gpt-3.5-turbo-0301,2023-05-16 01:40:21+00:00
3e3c52c3c798b5097c3256a46e0e996e,c20eb81e4220c4e5d7c15685b098f3477aaf503f8c90fbad5ee793fc27a84a4e,gpt-3.5-turbo-0125,2024-02-27 06:26:17+00:00
3edaefd7d3343caf5d8962e60d11732e,dacbb8943e91ba092526b9821c6e585e72b58e4465ceff69ad44a6c204036fe6,gpt-4-0314,2023-05-01 17:13:08+00:00
3fbbdba47d487e8e2de8fab5a5fe7d68,2032f107935640c8dee095362c8c46d769f8d590b998f91c513dd0e25a5076c0,gpt-4-0314,2023-05-16 09:02:06+00:00
4036e3e75342e5bcee4b6d138f60529a,d5d0c022a440c9727b2034c8caa92f8752709c1d5c4115c5dee5b7eb95d840e2,gpt-3.5-turbo-0613,2023-08-27 10:55:48+00:00
405edb0fd5a1065b0fb1dddada8c434c,f79ee9647e8b51e22526faf1e65a99ac82613609848c4f1c76f0cacba61e1103,gpt-4-1106-preview,2024-01-12 05:08:52+00:00
41513ee525925b92a208d8954d0d3a39,f2c3b1114a0e854c73572391db0a4417f115f845a2e7a875c9451df8d2cd9223,gpt-3.5-turbo-0613,2023-10-22 14:08:32+00:00
415f7c32a8e797e9f701f45d5b6cdf98,5dbc5edccc21e5f294a861dcd88fb2e8d61844b5cbe20696fcffb741c542d1de,gpt-4-1106-preview,2023-12-09 02:53:13+00:00
41a098d742303584aa1caedcf9dcd5c0,725cfaf2d4359c9786c0bf4a52b9cfeff9b25bd8760fcb22f71eda17a75f5ce3,gpt-4-0125-preview,2024-04-23 09:17:18+00:00
41cf3c3010479f69df024d249ae94c9b,7caa68ea6ec8847f261b465c3670ae86f4deb7f5dc0655551247035bb6ada520,gpt-3.5-turbo-0301,2023-04-30 10:43:19+00:00
425c654a85497003a95ef2da0b4d26ac,2583b77b8d6661e984832446f1b59590f4a8568bc45f57fb328e3ec0e36cb133,gpt-4-1106-preview,2024-03-07 22:31:51+00:00
4271db581db835bef41deed9404be901,e6972202e8ab912b5138d98e7ebef5fcf26d7d2e87f6357f7d64f3d099069535,gpt-3.5-turbo-0613,2023-09-14 11:15:51+00:00
42d1344e2b18e1f0c831c47d0b66548f,3aa37ef0ed90dc07b5fd1c67a409521a7cc509529d974c3ffcd1a4315b4ee4ec,gpt-3.5-turbo-0613,2023-11-10 14:08:25+00:00
42d4ee55d78be626a38d3270d344ff78,4b45e5398710abf3a740071bae016c8f90103640edc972f69bdfde174af646e0,gpt-4-1106-preview,2024-02-17 22:02:22+00:00
43c903ef688733890a8cac6b073c3dd9,2d6cc1e2bfda8439f7f31815dfe483685278b3cfcf5cd36d6d3fed3ff3f33327,gpt-3.5-turbo-0613,2023-09-28 04:00:32+00:00
43cc67cfa09cd59e30ec00191f496828,c857c8d3b2c95cd61b401ed2b81ea28a9ee41db5b34b08c3231f84cf27117e9e,gpt-4-0314,2023-06-11 17:32:40+00:00
4410b20fb7202792a85d3d84dc32f135,605a5a99e9fa0d452c65f2bb4f3ee5c8bf6a0224727e729c2005099fc6826cb6,gpt-3.5-turbo-0613,2023-09-04 06:05:28+00:00
4414ad6a81cb2112a679c204cbbb3b66,d85026d4cfffe7bbc334987b6724267e0167865be359e11db865d4a734231b20,gpt-4-0314,2023-06-08 11:54:59+00:00
44acb2c30db0b34260406c57f4e81468,c75a2618e5f8b3f33b09d9fbcd98dd073db78fe49f45275d0fc77a17bd673351,gpt-3.5-turbo-0613,2023-07-18 18:55:23+00:00
453e69d9781f3a536f228e90e86a4042,738994d5a2c9451d539443a992ed7150dae3fad00c455f3b59f44d9fca000672,gpt-3.5-turbo-0613,2023-10-11 03:55:13+00:00
4555b5b3c1b5d6c03b7b50651cef8fc7,5b025c3942c9e4f569ef8520cfd66ad6f9bca2f6f8e31f194d5318b788110c04,gpt-4-1106-preview,2024-02-21 14:56:40+00:00
4604a0f74aee519126a5d453c5036e4b,f651f69101266fd47507a23f4b9463523e4f1b8ec094c9f94d5663248080f793,gpt-4-1106-preview,2024-01-04 13:23:47+00:00
4661879eecc8f1de228f239bafc494dd,ae3f68bc8cf638eb9be38862b7bfa773545fc91b060e8f4f8de5ad4a37a4be97,gpt-3.5-turbo-0613,2023-12-03 05:59:36+00:00
47042f7ff92f01ae413cfaeabcdb6f7e,d42f0ca355bc91aa91e626bfa04c3a1b35c997639a1f3a180354408eaeca150d,gpt-4-0314,2023-04-09 01:43:34+00:00
4713c65283a882b1043c593e900ac65e,a4ad042ab72022b40e9dbaeda7851c5a5206eb2a3bfdc316695df3577575a0b5,gpt-4-1106-preview,2024-01-23 21:41:34+00:00
4777e8252a7b7db71f6394dc92f0f777,81cf1dbe11c907b902ccbe4f5cb3baa6023ca2b76ffd85d2e04ea74e444dc287,gpt-3.5-turbo-0613,2023-07-02 14:15:57+00:00
47bcc50039a59ba34d720232f85af48b,9dabf15b14af729463a1ed1bf706006ba54f084d70a52ac56d9119013fbee44c,gpt-3.5-turbo-0613,2024-01-12 05:09:45+00:00
485416fdcf72ab61a490a2079c1ba407,e7a8c1973beedfecd89a57a6bb5c7d1c5785278a4c3bf074e7b09c0c6ce602ee,gpt-4-1106-preview,2024-02-23 19:15:40+00:00
4869c3de057a56816b67b4edb7c4846a,47936b1896fa9acec5960900db242387c989d26ee71644b4f956d7f556758710,gpt-3.5-turbo-0301,2023-05-19 14:47:33+00:00
48cdea293a36ae1215114825c95f5e2b,ff15703259513aa9d1507bfdf71b1d26d66d94669b2cf6112bee0cd0e9f726a1,gpt-4-1106-preview,2023-12-06 04:53:46+00:00
490480e27118edd6b30f02d52df0e56d,f764448d90eb57822b17e2b45960fc7eaf3095786205754de5c107f0769827cb,gpt-3.5-turbo-0613,2023-10-30 17:57:26+00:00
491059f720125a9bff55a6af8947a76d,ddf263f628f0b9844ed418f8f73b397ddd2c00245271abdc2bbe31c37f574071,gpt-4-1106-preview,2024-02-16 08:33:44+00:00
4943b47ad5e7b397f2be1a00fd8bd047,a0b7933c893df052c7d787873ebc346090b1e096a9396bdcc4e43ff893d5d44b,gpt-3.5-turbo-0301,2023-04-10 03:38:26+00:00
49a463677d1eab6d97895b138bafd68a,693f5cf777198aa8fac3d57f8dfad56c0ee454eb4e2ffa0371cb671f66d0c59b,gpt-3.5-turbo-0613,2023-10-06 22:31:51+00:00
49a5df184a78c6ef4356f327e8137870,015aaac795ed2c2c578adc631c7a7aaa899cc66fd20a84a05c41a4de5a5c7f90,gpt-4-0314,2023-04-11 04:47:34+00:00
49abd0ec813edae1370cd0ffe12122fb,87b7f49012f670c2ffae858a06e27a56fdcbd1b21fc92e6e0f15b37a8d5292fa,gpt-4-1106-preview,2023-11-25 23:36:22+00:00
49c0e8e30665cd2829f969ecbd974965,d1270c06513e583c11071e613302926471ebf1291f009a020c24cb063d89439d,gpt-4-0125-preview,2024-03-25 16:45:38+00:00
49d7525b67d1127d2bd7503716639c62,c8d7ad58dc11259b35e69abd78cf6f16544413c9719557f483f4f14fe55d5bd0,gpt-4-0125-preview,2024-04-12 16:29:00+00:00
49f3abeda558e18cbf3273c501891fa4,4ccc97e612cf981426470ad6af26ca138a4b7680f564963bdcd44fd390f1f001,gpt-4-0314,2023-05-15 06:48:38+00:00
49ffcbf8af232160e4fab10d6b196933,f13979dee20e3efe6d81ba1c98213f27c95abe96ba5c3e3f25be1c682aa24e3f,gpt-3.5-turbo-0301,2023-04-26 17:00:20+00:00
4a1b0793cc4de5dd4c7f81e2d0a4e7dd,1f4d76dc69084b9dc6fdf7a3734f44858e02a928790ac90a331b047f7e065030,gpt-4-0125-preview,2024-03-26 18:00:41+00:00
4a2439ad368e5f8b5083da0f930eb480,c8d7ad58dc11259b35e69abd78cf6f16544413c9719557f483f4f14fe55d5bd0,gpt-4-1106-preview,2024-02-20 18:13:42+00:00
4a895a3c119af1e0f744d48fded6ad27,b9bd59bbd3d68138ab71b34118a2e8874a2787e668d174bdc6fa22cd171c7c76,gpt-4-0125-preview,2024-04-14 23:04:37+00:00
4a8da9bbc59c8980ff28aaeb88add68a,803cd23de0b62d4a683f1326bd402480a278bfda59b33bcac3b7b0087fb35a16,gpt-3.5-turbo-0301,2023-04-17 13:24:36+00:00
4ab07f7fe2857158cc6f5e20f307b8d4,5e9b9679fff8356ae389926dd12560709feb08ee7ad04769ccd7ba27ff84a5ce,gpt-4-1106-preview,2024-02-11 15:54:05+00:00
4abcdc2ec5861d0ffbb42409c2528c58,d1adb6dd4155e0dd789355875957b08328b9bafc9b42d48e5caa88ba039a668e,gpt-4-0314,2023-04-12 21:22:47+00:00
4b17186d1d0f1ccb02cd2fe009eeda59,7ed8d9c3d40ce211c77113f0e3377da7be5f6a4a1e867da779928c1845a31b34,gpt-3.5-turbo-0301,2023-04-23 08:17:38+00:00
4b3e43be7e5d0de8e09853f008f0320b,3741a1f41bf0e152eb883d3911e2b4daa62d004014ceb93537cae729231a24d0,gpt-4-0314,2023-04-24 22:22:53+00:00
4b6e6c5c3b6f525667f839da3da7e750,a26772416bafc1b9767a2d25b9002f4d50171b751f03edb3e565c28b3db9a95c,gpt-4-1106-preview,2023-11-27 21:21:24+00:00
4b9e7419856bbbeca028909a736de9cb,d5563b980e87ea8b6b3a4f33d5822ffcc0feb3c8e6ba4aeb5e5e1384d8e353fe,gpt-4-0314,2023-05-15 10:20:53+00:00
4ba54ac6196a321830c60e1ef0412c8d,014ede1867855b1ed6e6f7d50503a298dd5c3ad3c6f2ed603d404c5947a1af9b,gpt-4-0125-preview,2024-03-18 12:23:56+00:00
4baf6815866042aee86bf81ce26dcbae,e03df0d948a91c0d295f62336027664ca22349dc05f9cdaa3dec981b8bb68029,gpt-3.5-turbo-0613,2023-07-02 23:48:02+00:00
4c02182a72f932b1fc1010e05f2265b0,b7e58cee35621f8d195e7e3866a6cf19578e1146b6fad4eab4ec885619829e47,gpt-4-1106-preview,2023-11-07 02:06:11+00:00
4c3c7b034a34d98009d921675e63bd40,bfc28eae788e62fb48ef0a3362e2c1e051937e3bfd06decaf445cfc2e5d62156,gpt-4-1106-preview,2023-12-28 11:02:28+00:00
4c42ff499a58ac7b2de9e598f36579d7,0180d13eb363f0e2c477e51d69e0396e2b6cecc9c49ce6df1e45dfb59f2ddaa4,gpt-3.5-turbo-0613,2023-09-19 00:35:47+00:00
4c5d4679c94a9c99071c459febb16b86,b0fa8790b74cd07d71a3c11a5ca30e7d0ab62bf6ae6397c1085374c205171b78,gpt-4-1106-preview,2023-12-25 22:08:43+00:00
4cc013eb659c693e5ef8715485c0d575,fc43389069a40502de0ba4f9672459efbab7dcf5def9ae861a543f77f49f065e,gpt-4-0125-preview,2024-04-17 04:49:33+00:00
4d4eb31ea726ca3f02d359d613e9fac0,a81036f8bec33f1325c29d7badb1ce62651c9b131bf8d7750628365643f77562,gpt-3.5-turbo-0613,2023-11-16 07:25:16+00:00
4dadd92cf1a95bab6e067fbfcc78bf3e,cf86af8541047c33e000301f432411c0775991e91fc01b793f1935a242464554,gpt-3.5-turbo-0613,2023-08-14 04:22:15+00:00
4e9a0d5faa015313ea4d7a7aec41949d,bf1a732a372a86f4345bd52ff0436f45cef8d9309794d41fc32be7d2708761c0,gpt-4-1106-preview,2024-03-02 08:40:52+00:00
4ebe8b693a9062dccc5e448ac2b09938,1aadd233c6e944e65e4c70d3db3281f50eb6e2eac4eee789a47338355f0ea0ce,gpt-4-0125-preview,2024-03-21 16:11:55+00:00
4ec6da7e23c90fc8bfd99526a7446f17,c714cce1ac1baad8711be8f30e30daef470aa8bad7f60085cb1f90265a56efa4,gpt-4-1106-preview,2023-11-29 03:22:07+00:00
4f35ddc87c832179c4dda5684393f200,bd88932e18df4b3c754666e5fbf280d45152c4b4df894504e6ad458d87dfe2aa,gpt-3.5-turbo-0613,2023-09-11 10:29:24+00:00
4f97ed412506bf07203a1ff2ca999489,2caaa116f1cace891468b2d6b508b91007dfb33d3da585a47f3672ab5ef0602b,gpt-4-1106-preview,2024-02-26 18:06:08+00:00
4fa6160a1871cbe50e340bfce69d9205,8e18789a1afb1e9580062d765d119d6a170054ca57b8d110ddddc7d6dc360e27,gpt-4-1106-preview,2024-01-29 21:09:54+00:00
500893adb58e5692e4f1d5e519cd7609,9b9470065ac1c1e487cec7cdd9a35953f659b9af2364feba5aca925d25d39808,gpt-4-1106-preview,2023-12-11 09:25:04+00:00
50347eec55f21ce1f8e92bbdce4cbfca,6d25a9197deb4a2a7dd465dd8fd8cfa470284cf655ee49840d0b4c56709271a6,gpt-4-0125-preview,2024-04-27 12:10:02+00:00
506ebd72cf5b86c3812d7dd7ad532d98,d42f0ca355bc91aa91e626bfa04c3a1b35c997639a1f3a180354408eaeca150d,gpt-4-0314,2023-04-30 05:43:35+00:00
508daf66b024fb9d2489374fd17644ba,cf0f77cbbb30bf6218f51d7070df705dc949d3239c75eb140c9f2afa5bbf5eb3,gpt-4-0314,2023-05-14 07:14:40+00:00
50cda5e0945af021d8541d25a1ad5d7b,11c04df971d1856193024c4ee007541c979a17b3fc40d76a5705e578c3bae47c,gpt-3.5-turbo-0301,2023-05-01 05:53:29+00:00
51359aae5548a9d9ddb5978f35145b26,eff0f626a9521346c44bc731ba3b85df041bba3d3bf3bde8e3e773b8d49153b1,gpt-4-0314,2023-05-25 05:06:19+00:00
5176c8367a4759d657363e7441387874,54b016d1cd23c3d2eda937396d964953f32be356e2d53051a200cef79a1c81d4,gpt-4-0125-preview,2024-04-20 11:16:39+00:00
52986108142b86ad1533c26e9a58f4b9,21c29c54f43fffcc0f91fca14fd4321ba77ccb0839acba0f09851691204101c8,gpt-3.5-turbo-0613,2023-10-18 23:48:52+00:00
52f10e52da4d0e169d865bfaec9f5781,0364db7148c4b6602669bb8ea5fb088a55e3ec45c17ed0db42e688c5a22fcb24,gpt-3.5-turbo-0125,2024-02-26 13:48:47+00:00
530c3c086ff285218be0b2f76fbc25cd,0364db7148c4b6602669bb8ea5fb088a55e3ec45c17ed0db42e688c5a22fcb24,gpt-4-1106-preview,2024-01-26 13:55:49+00:00
532984c155aeb0031accccc6b692c939,922048eab1abe55a225e05dbedfb1dfd115539e0fab98dc786819bd3813735f0,gpt-4-0314,2023-04-15 04:25:02+00:00
533d3b0bed42279f7f1d6972c8f352a9,65c65d6dbf104abc529048c6e175153419f487aedc5e4dc15a45d229d9033bf5,gpt-4-0125-preview,2024-03-24 04:52:32+00:00
535274e7b40382518f8ded82e5c55ace,a4c642e4e91739bb1bffec27b192a77f33bf16d38ee06c98044633eebe04ba03,gpt-4-0125-preview,2024-03-14 17:25:51+00:00
5355d39b0e95e615be7f4771d1d57324,7116e63220d0eb620e80c732ca9237660ed0f790d4ffe62f19f5c28be184b853,gpt-3.5-turbo-0613,2023-12-07 16:21:51+00:00
5394def98a50bed8994398254848032c,c621cdfdfc87b93ecc40205a4d32e269d7e74bfddf2ee87d58944fbfb5fcc7a0,gpt-4-0314,2023-05-08 00:13:14+00:00
539511400908cc1aa3f3decbec1b2279,fd910a277fd9c7c91d8bbca5dbb0e517304fdee5ce3826003996e3edb624924b,gpt-4-1106-preview,2024-02-16 11:32:37+00:00
53c2cd01533def421ef889e24bfa5ea1,62786e0067501f716e924ab336dd642779a8a7845e3dc8a9c4c09238790e3d06,gpt-4-0314,2023-05-21 11:11:43+00:00
5480783b5b72a52acf657b1cfc29ab98,040a037c97a1d9de0cd56addb2f54fdb776dc3d36bba436af9949d8ce5f7a0a6,gpt-4-1106-preview,2024-02-24 13:30:08+00:00
54e1cd95e51ec2b6f129a28ae560f069,251eb5b433b486af4a24ad35187e70d6bca56474aa19bdd2e46dcda4f2642ef4,gpt-4-1106-preview,2023-12-07 20:00:30+00:00
54f8b709667d7fba9f5c699c7f411eb6,b958fa2e5257b4e2fc7cd3282376eedc9b71fcc78cff1f3ae8c7f9dd331b92c6,gpt-3.5-turbo-0613,2023-08-24 19:52:39+00:00
55250d25a1ac427757939007c539db90,74847d9b0d424d2623bba27a3d3e160c29f37bb3059096a1147a3f70fe200bd8,gpt-3.5-turbo-0613,2023-07-07 11:56:37+00:00
563036d4c181e487d99754a17345e018,e5d79b62642ce160eea0db2cd295d536babd563cb48c44c4b4dd5af0ea9ff4f1,gpt-3.5-turbo-0301,2023-06-16 21:51:21+00:00
56a5351e49be0dab8fc7a3daf9ffc8ae,7171f2adf5e75ab5ac2343e1daf6d6a85c2328017484dd3e5f3a0c643783ddae,gpt-3.5-turbo-0613,2023-07-30 15:47:58+00:00
575ea5346a40960a7532a5ccf3dac0c7,cba539731b5b82d05567998fc70a7e426074a34ed125ce4f530dd831d43eab47,gpt-4-0314,2023-06-23 13:10:28+00:00
5870653a5436c8182f606a9474314784,c857c8d3b2c95cd61b401ed2b81ea28a9ee41db5b34b08c3231f84cf27117e9e,gpt-4-0314,2023-06-04 14:55:53+00:00
587dac0e69b14a7110b0b3e820c1e8bf,e6972202e8ab912b5138d98e7ebef5fcf26d7d2e87f6357f7d64f3d099069535,gpt-3.5-turbo-0613,2023-07-09 12:09:55+00:00
58a72d57f1075cf159d7634fbb72e5c1,890c6ddc4c46b5111f87b9398cf319cff9e31ceb15b76f086b615354eac89eba,gpt-4-0125-preview,2024-04-17 09:58:01+00:00
58d79aa8ed32418be2868af2d5b538a2,9020d0561fab50393b608c6676e3e8c6137846d6c75f1a2b549b91759e331e4c,gpt-3.5-turbo-0301,2023-04-30 14:53:49+00:00
58e5743c71e66b65a43c191021e8f382,f651f69101266fd47507a23f4b9463523e4f1b8ec094c9f94d5663248080f793,gpt-4-1106-preview,2024-01-04 13:23:50+00:00
59365c5050bfc914456d07a52ccbd6f0,3216db2be202688c4b8f5c3d1ea62e0f140381accdefca5a2ee6b5a6a3a2d87c,gpt-4-0314,2023-06-10 16:23:56+00:00
59a46e592770f15787e2b001a28d077c,31b8c02b3a55f1a576c8d668835a546df1a8da722c412f23a8e7e8a000beb614,gpt-4-1106-preview,2023-11-09 09:29:01+00:00
59cd089afc15a8be865e568b188aa5b9,0364db7148c4b6602669bb8ea5fb088a55e3ec45c17ed0db42e688c5a22fcb24,gpt-3.5-turbo-0613,2024-02-15 13:38:31+00:00
59f755416106ba62a182a6ea4af71e86,eefa80b98e8bf1045015e020e21e2be0f56bbc93fcda08dc7eba18d8c3d4dd22,gpt-3.5-turbo-0613,2023-11-06 10:13:22+00:00
5a40a8d387b83a10278ab3e26b0e115e,b5e8716ac87245c8ed1a703329bb6bd23b0bc1ea6e99cbd46768af29c0c72c93,gpt-4-0125-preview,2024-03-17 13:41:27+00:00
5a8389009c19272236ab24a9a5bfafbd,3f67bbff4aec070a8403dbc6c0506573109eea7c57bdfe2d6a64129e07be7b5f,gpt-4-0314,2023-05-02 22:55:11+00:00
5abd16edd0eee5908fd825f50d39b6ad,9a33cd7e60b09d3680d773ea3cddb12fc74baf8914728940a8116734140c3fdb,gpt-4-1106-preview,2023-12-15 09:24:51+00:00
5b2893b5201ad4dbb5344a65ac4bb3c8,890c6ddc4c46b5111f87b9398cf319cff9e31ceb15b76f086b615354eac89eba,gpt-4-1106-preview,2024-02-25 13:05:56+00:00
5c25f96b15e195b84009e358bdd440c1,6e9174b579e5f770e350a6ccb7eead0d567ebeb0da84d191694fb15956d5a6f3,gpt-4-0125-preview,2024-03-16 09:12:58+00:00
5c4d9a8db23575585895a471ac79d3b3,965a6f20893f2bf47e9db08d9ba57e845af57cd16eb9d5125ae5840dbdf2bb85,gpt-3.5-turbo-0613,2023-07-08 15:51:06+00:00
5c5e7c926db1a2eca80abbb7b3c9cd4b,4b45e5398710abf3a740071bae016c8f90103640edc972f69bdfde174af646e0,gpt-4-1106-preview,2024-02-17 21:57:13+00:00
5c617b26f053e7780769e8049d4a08ba,8df190d6dec49fc232adcc5a20dc95582ef74f5bf60ffe7e30dcbc999b44f7f6,gpt-4-1106-preview,2024-01-21 12:28:18+00:00
5c64e2a037cf43cefe6f781c2abf9b77,701c01c96dba63bbccc5b06dc5eba72fd9c844ebe16afdc7492a46e9546aaa51,gpt-4-1106-preview,2024-02-03 13:02:53+00:00
5c93205dc415f4489b04db7508198451,71ec63ca804da2541abff64b6d2abfbdfed1e7372fa20d98e2f6c8f8a4683926,gpt-3.5-turbo-0301,2023-05-16 08:54:40+00:00
5ce1546ffe9328c0d580698398d303db,0522557d14d6096f274d0f0b7b93ee994d1cab22de92e25d49f980c075044b94,gpt-4-0125-preview,2024-04-02 13:49:14+00:00
5d24f47d93c6f7a1f02a26c2ac7b721e,44a8d37362a0a2a1c903b66b4de04aa56e08f5a094ac9869a170b9b3a7dfa78e,gpt-4-1106-preview,2024-02-05 03:21:45+00:00
5d578f69c0bbd5edd440f1ee2f0c728d,9bfc33be147dcd7ca900a5c496be9a39cac4d71a5291942dcd152b8caa53bcda,gpt-4-0314,2023-04-09 18:37:30+00:00
5d7361aa31893c8151e8b4ae50c537c1,3f67bbff4aec070a8403dbc6c0506573109eea7c57bdfe2d6a64129e07be7b5f,gpt-4-0314,2023-05-01 15:40:52+00:00
5d74b91ba41927f0de9e857bb473da33,043a32a03a02380def2cfc8fa32e7ab0dd1ac890053bf58152dd5771736bfcf7,gpt-4-1106-preview,2023-12-13 06:10:19+00:00
5d79aabc70608fcbf2a2911b7b77be44,ea0f048ac37474edc2c26ddac73ab8a25025bca0abacba55f702859fe265c8a0,gpt-3.5-turbo-0613,2023-07-16 06:29:31+00:00
5d9735f90d3ee4515f4e24428b72c8a1,2f0ab9b5551d646f42825ab6816054482a39cfde9043dca61607b0cf655037b3,gpt-3.5-turbo-0613,2023-07-02 21:29:11+00:00
5db3a87a147a07f3774f0c4a2da592b0,0c281ccffa19f3b84fb79fb770502ffd9da67b5677dd82f26fbf2b3543ee6f70,gpt-4-0314,2023-05-04 16:22:35+00:00
5df79eeaf29dab86868622f3fca591d8,332e45f94226335ea382a9cb4ebf0f5f5d509870a1688ffeee025f0ac4ada378,gpt-3.5-turbo-0613,2023-07-01 11:20:23+00:00
5f073fd0ee63fd4312c80dfbccf4b6da,d4e71a9881d8131dc9b6b02333b31daa6cb20fe8dfe775a6235dc3830c0048a7,gpt-3.5-turbo-0301,2023-06-01 05:38:05+00:00
5f092ba7f17c5557bb5d76d500f4a039,d85290f091363f320c0cadd586377713029728b785d18fe8445421f5265b4646,gpt-3.5-turbo-0301,2023-04-30 14:23:16+00:00
5f0e1918865ae5af72f37cc04538e019,886a817e5dd26ec07ccd40c394c2bb9888f8e2c43469484ce05b6f35563d3db6,gpt-4-0125-preview,2024-03-23 22:55:09+00:00
5f92b1103004b7626e5dc2c940bdb72f,1a0d4312467213249ade1410d266955a5f9ee506292f906d1a38bb50158bc864,gpt-4-1106-preview,2023-11-22 21:42:32+00:00
5f9aee68c39ab7f23c6aaa4dbae4e1e8,965a6f20893f2bf47e9db08d9ba57e845af57cd16eb9d5125ae5840dbdf2bb85,gpt-3.5-turbo-0613,2023-07-07 08:17:03+00:00
5fafa7fae07f1c704608ae95dfd22eb9,7058b9faa03d6e6ae01175b122ff28ada42f187955db544cd10fe60a0d375bb8,gpt-4-0125-preview,2024-03-30 10:47:09+00:00
5fb1b08cf83e6dffe37aacd486bb885b,de1cc0034900dda5aed0b9377013edd3fa02aa9e3a602011d30b59cf87bb4ee9,gpt-3.5-turbo-0613,2023-07-09 17:18:03+00:00
6013615b7c47ba76584a0eb0fa7935bc,ce957101977e26926da605269f8858e82ad861eea93a96369b1bf148902523e2,gpt-4-0125-preview,2024-04-18 17:42:43+00:00
606df57539622667d4738ce49a624a10,d5d0c022a440c9727b2034c8caa92f8752709c1d5c4115c5dee5b7eb95d840e2,gpt-3.5-turbo-0613,2023-08-21 11:39:07+00:00
609a902592d197a7b3f30b6c5439a6b7,888c0cb16a2b7f62f53c6e831d7423694e658aa7946e2b765d789d5d6be1da64,gpt-3.5-turbo-0301,2023-05-22 08:57:13+00:00
60ac98344b4f4a078c4e44cd69b7b708,d5d0c022a440c9727b2034c8caa92f8752709c1d5c4115c5dee5b7eb95d840e2,gpt-3.5-turbo-0613,2023-08-04 10:15:55+00:00
61041b2ac6e5b38bc0e76dc045d388c8,1f4d76dc69084b9dc6fdf7a3734f44858e02a928790ac90a331b047f7e065030,gpt-4-0125-preview,2024-03-26 21:34:02+00:00
6124fbbd3dc19ef0dd48371fb6ef945b,0180d13eb363f0e2c477e51d69e0396e2b6cecc9c49ce6df1e45dfb59f2ddaa4,gpt-3.5-turbo-0613,2023-09-23 03:30:04+00:00
6176aadd9599786e2055faaff035d93c,48a24a3a0ccf43f367dcceab95d357ec50afc5d2e40c899f740631fe239b1667,gpt-4-0314,2023-05-20 18:35:10+00:00
618b3ca7a561144329bf2417bdc1f5e9,684b7f52d638d20e4d53a9404af25c1d84fef8655e0a8fc74636f4805df15cfc,gpt-4-1106-preview,2024-03-14 03:44:00+00:00
61d89f56489dd42e0e5da01a1b2a4751,415f82a7fedeb0ed28bccd20400b3dd6043c963efb19ee701ea6fa301b782b4b,gpt-3.5-turbo-0613,2023-11-08 21:17:48+00:00
625de5e0f4d729d52c1d6d0ec2bfd1d8,90a44085752a8e96d5fcf7f39b97c2119360efaa1434c1a36774e54b68f4725a,gpt-4-1106-preview,2024-02-27 05:44:12+00:00
6271799d53a8e9ac70c624b733ef8344,bbdf8508b6bb6eb38caf277be77a7f9de7196f09981fe4aa8b56fb8577cbe364,gpt-4-1106-preview,2024-03-10 16:02:11+00:00
62beca065167d8e53f10b20fd00e4c3a,1b25cd0b25feba627db4306709ebae2fea7b070411e8195dcc97d6c8b7b86ade,gpt-4-1106-preview,2024-03-03 04:26:59+00:00
62d3af5995644516af6e807acd47b5eb,01714642a726234cf6de76b6e31fc70897026002680639b09e1b942c1ab783dd,gpt-4-1106-preview,2024-02-26 11:05:56+00:00
62dba7dd2085668177bae4b71f606613,bf1a732a372a86f4345bd52ff0436f45cef8d9309794d41fc32be7d2708761c0,gpt-4-1106-preview,2024-03-02 07:26:14+00:00
62f0d53d4006740df1883b84c5b83901,aa3faac65feae144f5f75b17277561e9557a1a6bd1911ed47ac847a15d8ac756,gpt-4-0125-preview,2024-03-24 20:06:51+00:00
631cda7bb863d5f80d89b2b402de3264,add0805c44eb4d737198dac79644e741de69c55fe467775af57ce1bb1dc1b3af,gpt-3.5-turbo-0301,2023-05-22 06:41:12+00:00
63252010991e7932673f66cf6dad2ad1,040a037c97a1d9de0cd56addb2f54fdb776dc3d36bba436af9949d8ce5f7a0a6,gpt-4-1106-preview,2024-02-24 13:16:26+00:00
63af4b09a929e9b1cad36aced0f69871,7ae886ad4ff89931dad3e6c8d2db51ebd8fcc6eb98d32a5a2d9e22b402c6c866,gpt-3.5-turbo-0613,2023-07-04 12:49:11+00:00
63c10ee29f242e38aad648f90e43037d,d5599ccf1e588aac0ed8f7a09742c8f33b44964de4ae215c4065d73913b7bd18,gpt-4-0314,2023-04-24 19:17:53+00:00
63e8b02d73ce9b93d529cfca4b9010bc,70a4dc3a0e221831543cebb9d7ee4216090c76f582b88090db924bf58ae3b48e,gpt-4-0314,2023-04-30 15:29:32+00:00
6422e0dad8988e3d7663e344f6f29620,b9d56de9cf09a20131d1c08186d38e92bac87ace668d15827e0f28feb930fad8,gpt-4-0314,2023-04-12 22:17:46+00:00
64cf665559885a230800a23d84346e17,c857c8d3b2c95cd61b401ed2b81ea28a9ee41db5b34b08c3231f84cf27117e9e,gpt-4-0314,2023-06-11 23:17:31+00:00
64dc75a45c12113a6adddaf3bd48a8ff,ef8505e48e73400c7a6168874ad93a01af6c7c2ec360bc0f35230d253e5abef6,gpt-4-1106-preview,2023-11-20 13:26:19+00:00
651f14ce225d9f3842a5dc2e622d3e65,b45a5584b3855b35df8889a9c280eb7ac64847d16df0fc10c58bd64db17dcee7,gpt-4-0314,2023-05-01 18:41:41+00:00
6562a63cd31a9c59f6d67465ecf00992,1042be619a32b73ce46ed59f094761d1f9e6398be5a62944ace8c644b8955d8e,gpt-3.5-turbo-0613,2023-10-22 13:26:18+00:00
65b7bdb6ea3a9be9e2001e855997884a,59cc4f76716725cb58f0170c1c2f10127c2b231833743b05e3cf178020ae0409,gpt-4-1106-preview,2024-02-27 09:17:53+00:00
661b8395a1be90d0a64adb496c1649f3,3375b1a1401ee223b93b2151c0b3670d1509b1be5203a39defa25807510644a7,gpt-4-1106-preview,2024-03-07 17:40:41+00:00
662913228db6abf6dd735189b81b0ba0,c66e0a582755bbec44ee0d15fcc7fb01aa0907288e0a14a710f39c95618a9135,gpt-3.5-turbo-0125,2024-03-13 15:58:21+00:00
666e877511843901b4ddf7d60f7d3230,94c459c4dde8452fc5e57bea875c0cbd902953ad03989b3d9942a3ef27ea9dfd,gpt-4-0125-preview,2024-04-02 05:54:34+00:00
667e3273831876eab9c06974833fcb1e,b9bd59bbd3d68138ab71b34118a2e8874a2787e668d174bdc6fa22cd171c7c76,gpt-4-0125-preview,2024-04-17 14:36:51+00:00
66b346a51f9c51744a5f656152815667,d5599ccf1e588aac0ed8f7a09742c8f33b44964de4ae215c4065d73913b7bd18,gpt-4-0314,2023-04-24 23:13:14+00:00
67149c60871b5eabc0ef5bfd2c0c55fb,59cc4f76716725cb58f0170c1c2f10127c2b231833743b05e3cf178020ae0409,gpt-4-1106-preview,2024-03-01 04:08:56+00:00
673d045f441ad03422b93f9f5e1dcd68,8249ff8d6b02c2e5acc3e7521f35eb0a15601f51baac6d870fee93f4ae8bbc4e,gpt-4-1106-preview,2024-02-04 00:01:26+00:00
67826e772426a502461b088f09b71e43,a7bc5fc14fdd6e493eb5f59f713cdafbb45afa66081f0e33eae9f4f792aca60a,gpt-4-0125-preview,2024-03-15 22:59:37+00:00
67886a5dfdafa42e14be188972ddbc15,d5e5d063e5c21cf30cc77b3896918a6ff593b1508dda7494b08438e291ec15cb,gpt-4-0125-preview,2024-04-04 20:59:33+00:00
682494a73d2438bb65f83cd0505e9a38,c857c8d3b2c95cd61b401ed2b81ea28a9ee41db5b34b08c3231f84cf27117e9e,gpt-4-0314,2023-05-29 19:12:18+00:00
6848920e7cec6a414b4e2a2642166d30,c714cce1ac1baad8711be8f30e30daef470aa8bad7f60085cb1f90265a56efa4,gpt-4-1106-preview,2023-11-29 03:23:43+00:00
68889b23ff57e33baf8ff2bafec7b949,fa08694a0d1620b7d44a90e7695a581c3ca7d15dfc3457a71001986a5c682902,gpt-3.5-turbo-0613,2023-08-08 20:50:48+00:00
68a5836db0aaaf0526d290228d34dd49,3f67bbff4aec070a8403dbc6c0506573109eea7c57bdfe2d6a64129e07be7b5f,gpt-4-0314,2023-04-30 01:08:14+00:00
68d84afd37abacda7f1bafaa64af2bd3,729447a3fe6cbf112b759f695ab5c8de9d333a23e039c9c5260e03332ec3388b,gpt-4-1106-preview,2024-01-29 08:08:02+00:00
69678a04112c2134da93a7d4b04723f1,e9b39297fa891161a65466749b2b3da90f0f45410cb3d57c0dabe57ce24ba0be,gpt-3.5-turbo-0613,2023-07-01 10:38:01+00:00
6996c6738d8a92b84ad4efca7666a04c,4ccc97e612cf981426470ad6af26ca138a4b7680f564963bdcd44fd390f1f001,gpt-4-0314,2023-05-19 03:24:02+00:00
69f8223411120c97e23f844c8a3ca1f4,b80a34beee8790634380731308f12acaf4475cb4f53aa5d6adf55e3e4a077d3c,gpt-4-0125-preview,2024-04-12 20:25:26+00:00
6a6479823718eca0f3378d4b918b6a4b,0c281ccffa19f3b84fb79fb770502ffd9da67b5677dd82f26fbf2b3543ee6f70,gpt-4-0314,2023-05-04 16:58:33+00:00
6b40ff1a0d4ccfe6874d09561875ae3f,ca098d123caf12b665d0b09b007a2efa6aa3e09542f7b6d91c578265377209b8,gpt-3.5-turbo-0613,2023-07-20 13:26:05+00:00
6b50365ec2e7300c7e050b5792345832,859f130d84628d3258ab8d5af58e0d04bdae9d6554139ee33cf4d7180d8d5c3e,gpt-4-1106-preview,2024-02-22 11:38:10+00:00
6b695625c818e4a305c1820ba694a485,2dfbc937aa55ad34562cedaa2a099e1cb964089a6b35f2f01d42747c7a9b7878,gpt-4-0125-preview,2024-04-04 14:25:08+00:00
6c06ad05a0dce94b9b649645a46f9406,890c6ddc4c46b5111f87b9398cf319cff9e31ceb15b76f086b615354eac89eba,gpt-4-0125-preview,2024-04-17 09:49:03+00:00
6c105ebd9c674204dd4fc00d28892dec,c6b1f78ca29b8a05fa831e56ff25cda71a9211d726142d5cb65eb4702803f495,gpt-4-0125-preview,2024-03-16 19:59:49+00:00
6c36fd02fc9a055c818ee4b9b6caa002,3f67bbff4aec070a8403dbc6c0506573109eea7c57bdfe2d6a64129e07be7b5f,gpt-4-0314,2023-05-01 15:41:36+00:00
6c3b9963110b17b98ec0f83d0c4eef2c,8a8c8f3cb377203a8c1beec5eb483f4b571f94fdc087f0d8678ded11aa34e6c5,gpt-4-0314,2023-04-16 00:11:52+00:00
6c8dd0e2a4f22d5940287d1003ff118c,78e8993e7853a0a1ed22db41d060cdcdc7315c278ff399f9d8fc3a9f9c076d1b,gpt-4-0125-preview,2024-04-13 16:21:46+00:00
6cb63b3b2c2bdaf906e8ca16c69564a3,2d6cc1e2bfda8439f7f31815dfe483685278b3cfcf5cd36d6d3fed3ff3f33327,gpt-3.5-turbo-0613,2023-09-28 03:55:35+00:00
6cf11e31989f4732f9fdb99b0f3145c3,be1b4c2e5db5a6de5aa202fe8da14fe60021dcb4f5309b4cb087b9af4d120346,gpt-4-0314,2023-05-02 00:44:06+00:00
6d9add7ff6e6b838e7a707c9edeb527c,bad8532bbfc04d5670e3c844d7229404094e0a16efeaef85962cf35a2bdb2cbf,gpt-4-0314,2023-04-28 09:46:39+00:00
6dcc32ed1cae1ad9f290f815b6fa0385,ec244a1fb01400532e4a2d6afb7ad47c4f1f9c8c8e38b1100e4be47c38cd299a,gpt-3.5-turbo-0613,2023-09-15 08:40:40+00:00
6e5865feb3d37e88eb6ca9148ab5d568,890c6ddc4c46b5111f87b9398cf319cff9e31ceb15b76f086b615354eac89eba,gpt-4-0125-preview,2024-04-17 20:45:49+00:00
6e5b53f4731cde36348983b8e771f6a7,c857c8d3b2c95cd61b401ed2b81ea28a9ee41db5b34b08c3231f84cf27117e9e,gpt-4-0314,2023-06-11 15:36:08+00:00
6e6b7a1e815b709ba83e3d62aa1381b4,4ccc97e612cf981426470ad6af26ca138a4b7680f564963bdcd44fd390f1f001,gpt-4-0314,2023-05-16 05:55:18+00:00
6ec2ff881b23fbbeced6baa275321e17,9c8b3188a7d593bb90f7f6f724ed2d3cfdb1d29aba4e7cc050e043e8257b1b50,gpt-4-1106-preview,2024-02-27 23:51:11+00:00
6f6da00b22ac4c7f3b7ba4c455eae0bf,82b1fe551d23e67937f9747620d4c13a9de385cfb92b3c8608ae0e56f86ff329,gpt-3.5-turbo-0613,2023-12-07 05:20:50+00:00
6f806c2853f04d87b2806777fc61e2b0,39152fe159f7fb92a408bc17b2e8b48c8aca7725be8816b82b56a01b514f0fd9,gpt-3.5-turbo-0301,2023-06-11 11:55:52+00:00
6fb455c7f0cc4f12f87e1c6e2e40a224,9c79e1a70ec99477eab1f9ecdeecca9998e3aec348fea23b71f00be303d517a0,gpt-3.5-turbo-0301,2023-04-21 07:37:38+00:00
6fc1ae11229aefe13e7e0d42a8cc301a,89a60efc4e718899e62bacc1e3587f9f8a1bd622e392c7289bd4353b41405337,gpt-3.5-turbo-0613,2023-10-16 19:00:39+00:00
6fe277d8d672f55f42426df4cef5c8c6,93a2b45bf889297a9cbbfe3bece52f9c57e3227429392a5058227dae954b159a,gpt-4-0314,2023-06-24 11:15:37+00:00
6fe306330c9bc17a1b4d714e89dc4293,2704b39cca6e08220beb67c4c52ecbb82aef4f0188db1d11886014ae6fe4eddd,gpt-3.5-turbo-0613,2023-11-25 14:03:53+00:00
6ffccc59a95a489e2d46bbbdac0b70f7,9662671ae6bc2ef895998fcd7140a51752ada218120af8beb8f0d31c9e1f6eda,gpt-3.5-turbo-0613,2023-10-07 15:09:48+00:00
7035a619159867775ac059be1e78f9e3,83b66d0e7a8444074f47f8f43620b5d8df206e7abdb1804e7f906190860d4b3a,gpt-3.5-turbo-0613,2023-11-07 08:49:24+00:00
703db2508051fff9e1fb1df4e95260b7,96cae940427a630a6f0c00a07e8c4490ec566767ed3f8efe29fce5ccb969e486,gpt-4-0314,2023-05-06 03:36:53+00:00
70e73ab4140f97942f83712a510408ba,3ac4f6634bed34f00434baa8c1e369d8741e1bdc17ab7af9515705397e1bf124,gpt-4-1106-preview,2024-02-19 10:12:52+00:00
71e289a265aa1d0c8955ad33e13a791c,18803f445af71f81a7ce3ede8d3cb05f5228ff1ac213fa9e60b05bc587c279b6,gpt-4-1106-preview,2024-03-05 11:23:09+00:00
71f7e582a008b070eadd8cc8ae322835,d42f0ca355bc91aa91e626bfa04c3a1b35c997639a1f3a180354408eaeca150d,gpt-4-0314,2023-04-21 07:54:42+00:00
7218993d0c08e7b5a60bed27e004e449,ecad33d227a4438b89018b46a9f3873d385df70776bf0126b0cd1bc39c0c19a9,gpt-3.5-turbo-0613,2023-11-10 13:54:09+00:00
72345adc6bffcb6865cf7a196b90e05f,8420b36ecace339fad0d5a2888fac0b37fbc264ae56e5f07ae8a135416d5a276,gpt-4-1106-preview,2023-12-04 02:37:24+00:00
728178d177253cc859d3236c152d133b,1efb57af7b9288d9b835e54a0fccb6ce5afb477d00fc96b09c56bc418d396fbe,gpt-4-0125-preview,2024-04-02 16:45:45+00:00
729c6b1a0edf653aa43f371bcb2f46f0,2e6db1eefcfd01c2e22bf964ec5cd899a0266c67919e41340cf19933f0ff6ba2,gpt-3.5-turbo-0613,2023-10-25 11:43:29+00:00
72a5fdd202e39658723b5d0708b031aa,cf0f77cbbb30bf6218f51d7070df705dc949d3239c75eb140c9f2afa5bbf5eb3,gpt-4-0314,2023-05-14 18:22:02+00:00
73466cdd0f8ebfb6de01ac87e46ed01c,a81036f8bec33f1325c29d7badb1ce62651c9b131bf8d7750628365643f77562,gpt-3.5-turbo-0613,2023-09-29 09:05:16+00:00
73a149c6bbf5834e0bff57a52493f354,3eb7957c2447220e5695a1f27a67405bae1320f76911a5831374d7b7f5e483b1,gpt-4-0125-preview,2024-03-25 16:21:43+00:00
73f0ea2cc0a886a1592c19cb14a5240e,420a7e721f372ed6f9400756a01a6a70b9ae03fae2b87b40f49168b0ad861c49,gpt-3.5-turbo-0613,2023-08-07 06:58:30+00:00
742fa8fc121777a776d2e829d7c9469f,965a6f20893f2bf47e9db08d9ba57e845af57cd16eb9d5125ae5840dbdf2bb85,gpt-3.5-turbo-0613,2023-07-08 09:22:03+00:00
74318714d8ef48bbbb4f160dd854a812,373d9fa74d3f06ed2799add9cda7cea4b70562b7a086cd7de60a4ddf203154fd,gpt-3.5-turbo-0301,2023-05-16 06:53:48+00:00
74a4ef557590cc1189d5e05856d81c45,150d38f70f51694f003194a81591e69bfde266342eaef12fd15d69df6cd3e3bc,gpt-3.5-turbo-0301,2023-05-02 09:03:37+00:00
74e2ca50ddd0973090535f18c993ae47,35f0c7b25ac7737d5f5428fbcd460bfac71be4b9e7f618f4c3d4ee1fb22c93b2,gpt-4-1106-preview,2023-11-30 12:42:33+00:00
7511706328f5b85e723b3401cd929011,90d05338384534b06a26f795237772d3e91cbded66b4a9ca3017575910abbcf1,gpt-4-1106-preview,2024-02-07 19:17:43+00:00
75517e92176ecccfda7965a86f9a007a,02d844cdf10fd0a883dd07606612c3d59e006919cb1f53b26775c3291627978e,gpt-4-0125-preview,2024-03-27 07:01:57+00:00
75956a97b3be1e2e9e1434a71a28b880,3f67bbff4aec070a8403dbc6c0506573109eea7c57bdfe2d6a64129e07be7b5f,gpt-4-0314,2023-05-03 08:33:00+00:00
75b3001b3686ffdfd5862e6ce99f5acf,0758f14bc3b60b6baf088c492e8c232dc31402ebc280ce137e2824731a7bcc5c,gpt-3.5-turbo-0613,2023-12-07 11:36:55+00:00
75d3031b9afed4ea30691b1e279c22ff,1f4d76dc69084b9dc6fdf7a3734f44858e02a928790ac90a331b047f7e065030,gpt-4-0125-preview,2024-03-26 21:00:18+00:00
76b6afebf4a087d803eab3dd5d50099a,0364db7148c4b6602669bb8ea5fb088a55e3ec45c17ed0db42e688c5a22fcb24,gpt-3.5-turbo-0125,2024-03-25 12:31:58+00:00
76c8c5bdf305cfb7b6edbb703a110c20,8a8c8f3cb377203a8c1beec5eb483f4b571f94fdc087f0d8678ded11aa34e6c5,gpt-4-0314,2023-04-16 00:09:24+00:00
76ed6929d97c79e7159843f929ecd250,0180d13eb363f0e2c477e51d69e0396e2b6cecc9c49ce6df1e45dfb59f2ddaa4,gpt-3.5-turbo-0613,2023-09-30 04:45:17+00:00
76efeed34c626cb5da72af01eb8076ef,35efb586906874c5431262e3754f6a86211fed68e8ef18c90b76695a18ef17d0,gpt-3.5-turbo-0613,2024-01-22 14:42:59+00:00
7749be02f16a1ad7806aa1ca574d106c,35f0c7b25ac7737d5f5428fbcd460bfac71be4b9e7f618f4c3d4ee1fb22c93b2,gpt-3.5-turbo-0613,2023-11-17 07:06:46+00:00
780444a645578272eae1b9e8e1cf4f3a,12f1ec06f4f0f618b325d8105178cfe7bb61fe78ad88b2b222551fa71d5fa7eb,gpt-4-1106-preview,2024-01-05 09:25:50+00:00
7882cd3ce64f501e0fe91f65e5e68189,afac533e87d2cb49ab5b7a4520d9288009326ef86dca9761abc00a174b7071de,gpt-4-0125-preview,2024-04-14 02:43:02+00:00
789bc3007ce778d153d5b313fd69eabd,4134a96d7b5f026b8b5b6db3bfb0fc674254d12c943a1ba0e08eea1cea486d53,gpt-4-1106-preview,2024-02-21 18:01:53+00:00
78aa5cb679f49c7bb33e6cd515bf92ca,3216db2be202688c4b8f5c3d1ea62e0f140381accdefca5a2ee6b5a6a3a2d87c,gpt-4-0314,2023-06-11 18:04:58+00:00
78ba4575138260141437cdc6d7789bcb,d85026d4cfffe7bbc334987b6724267e0167865be359e11db865d4a734231b20,gpt-4-0314,2023-06-08 10:40:11+00:00
7938a1e1d33e4cdfc19fe2393f796934,0c54ade6711af84e8b865e685e3886d0562acf385fd5fbb240cbbcd5cd0215b5,gpt-3.5-turbo-0613,2023-11-30 22:30:18+00:00
795fe8519753a266faf5e24de4263ea9,b5e8716ac87245c8ed1a703329bb6bd23b0bc1ea6e99cbd46768af29c0c72c93,gpt-4-0125-preview,2024-03-17 13:34:11+00:00
79651eacd732a7300447e35cd372fe4d,59cc4f76716725cb58f0170c1c2f10127c2b231833743b05e3cf178020ae0409,gpt-4-1106-preview,2024-02-25 06:10:09+00:00
79c2a8b859c94f584154628f06cae7f6,d6978165ad81cbb72bff26464425190434a05231151965199381da1ed298fda9,gpt-4-1106-preview,2024-01-01 11:33:59+00:00
79fcd2bbb8fbc36c9d7a93e08e378cca,4e86a7cf3c59d176619c3626a6a0552dec3ed5cdbc419737bd712cb6bfbeb334,gpt-3.5-turbo-0125,2024-02-18 12:12:39+00:00
7a3c784055541933ddc9777aca3e360c,a63738190bd397642c671492f985dbe38a26d364a1de5635ea92f38aa661a5af,gpt-4-1106-preview,2024-02-20 12:14:12+00:00
7a457ac27a006a467135657d1245c515,c125123b8b9c96b90ed05113e1c69e6c83bed70520b814355d5781c49376bbf0,gpt-4-1106-preview,2023-11-21 13:45:26+00:00
7a858807f7d0f1aafebe1aae8063150b,3f67bbff4aec070a8403dbc6c0506573109eea7c57bdfe2d6a64129e07be7b5f,gpt-4-0314,2023-04-30 01:07:19+00:00
7a97ebcbb78034a9935df489115f4481,27bebdae54a1da395eaf2d513c9eaa9d10c7c9498b08ce86cd8374bf4381773d,gpt-4-1106-preview,2024-03-01 09:54:45+00:00
7ac0511a5d28534d8585d16e071392b7,8939424e61b40c6ffebfe345700ef685ff0819f4a237de6e478a3ad97d6a87d7,gpt-4-0125-preview,2024-03-31 21:51:01+00:00
7ae0b062c3b53325f9fd1c924e57ee73,e45d73e2ece40a967336e57a3b5921d79bbe56c5b03fe515fe1cae1579bb1e9a,gpt-4-0314,2023-05-07 07:04:14+00:00
7aeef5d90e7bc2b35a2000837664fb0b,2069426785333b313e4a7fd01ea0df53a5710e84aaf74be360f9a225c986ceb4,gpt-3.5-turbo-0301,2023-06-05 13:15:52+00:00
7aefba2f7e420a25eb19d64ee271ce00,030da3eb43b1889c87c8692b2f9f6c888be5a2076eaa7631be5d6cf8d3df3474,gpt-4-1106-preview,2024-02-22 12:45:16+00:00
7afc5fd22f15458b6631a550f6fb5539,95f6dcc1d3ba947987bad2e2b575b141b01e9daa604ecf5eb902b2a9642da1ed,gpt-3.5-turbo-0613,2023-10-25 17:40:01+00:00
7b0031baa496c86660d7a0286fb7a81e,38ef84317c76b8538a81f9805734c9d5cbd1e89e7349938fd7e4a98aff2b2bea,gpt-3.5-turbo-0301,2023-04-24 03:57:16+00:00
7b0fe5ab768adc58a16e3923848bde0b,d5d0c022a440c9727b2034c8caa92f8752709c1d5c4115c5dee5b7eb95d840e2,gpt-3.5-turbo-0613,2023-08-09 06:39:03+00:00
7b21f21284f1ebcce84f34c65e5bda81,4ccc97e612cf981426470ad6af26ca138a4b7680f564963bdcd44fd390f1f001,gpt-4-0314,2023-05-13 15:04:12+00:00
7c435e46af4fbe4562d374c44fc63c1c,73a0bcb5db3139bb1f4f5365983fa74ef27284191bf8cee5e4b096780eef3bb6,gpt-3.5-turbo-0301,2023-04-25 11:28:15+00:00
7c714cb02f3442d534eb0daeda59a63f,6580c8556e21aa4c9cf43ae2168ced5e66bc52fcb0d69bf3cfce39845ab874e6,gpt-4-1106-preview,2023-11-28 08:42:34+00:00
7cd7f901838ea563aa30074587c84d14,072a0b4ed507c05050662c5b27ad9375078a68e6d825b1d0d21458a521591776,gpt-3.5-turbo-0613,2023-12-06 20:09:02+00:00
7cddcab296bc1f9d70412e4ae920918e,19f2024750c818080893e9ba66ad8ffe1dc81ad1e116a1b80ec273a8bcc67f66,gpt-3.5-turbo-0613,2023-08-06 17:41:04+00:00
7d5fce37d92d77a37600741fac9b4d3b,890c6ddc4c46b5111f87b9398cf319cff9e31ceb15b76f086b615354eac89eba,gpt-4-1106-preview,2024-02-22 13:07:47+00:00
7d7f329b63b4030d8ff4acdc0e051d83,d9f3779ea0b76abf940264c5b1ee4bc6cccfc439c72cf39718222d5cb4cd61b3,gpt-3.5-turbo-0301,2023-06-21 21:18:36+00:00
7d968e819a0d1f5abe880063271391bf,2ee0d738b2ab9903eccf0c4c7cb2e06b2a1c96b7c8ae5af625ae4abea4e2f045,gpt-3.5-turbo-0613,2023-07-12 02:24:05+00:00
7d98fa414a581ed78b1b6c57a6f71081,3bc7d9db84ffd15c9f705aece5f56b8320f0872dadaf43aee2a6049da602fa13,gpt-4-0314,2023-04-19 11:38:04+00:00
7dda93ae7bdda0e7ab4fdf36cb709387,9f8d2b77928658e87be0416219e63ae8fff24de28ec60908ba8f4e6c2ca6b3e8,gpt-3.5-turbo-0613,2023-11-15 21:15:59+00:00
7e098a96733e17ce430d0470ddd21aeb,43338db622364dbfe48336b789c12537e633c9d7b1b3c77c430099930e90f5d5,gpt-3.5-turbo-0613,2023-11-10 22:04:13+00:00
7e37d13c55ad81205233f4248c7149e6,fc43389069a40502de0ba4f9672459efbab7dcf5def9ae861a543f77f49f065e,gpt-4-0125-preview,2024-04-18 02:42:55+00:00
7eece000ca96548038dea15920178906,a0cada3af421d2e0b5ab0119aaf92bbb7a5430132da43bff35fd15205d63bdf5,gpt-4-0125-preview,2024-03-28 04:12:55+00:00
7ef26d9e934995b8463599c50d96934c,6da1fffc6dbdfd48c22ded5bcdeec2dc61be38227c5c507529214b4f9568637a,gpt-3.5-turbo-0301,2023-05-24 06:39:26+00:00
7f8d366b5b402d7d01bea861b499ab47,0364db7148c4b6602669bb8ea5fb088a55e3ec45c17ed0db42e688c5a22fcb24,gpt-3.5-turbo-0125,2024-03-07 13:29:46+00:00
7fc1351f86a7660b6d18488de5b8c6c4,f79ee9647e8b51e22526faf1e65a99ac82613609848c4f1c76f0cacba61e1103,gpt-4-1106-preview,2024-02-08 18:28:23+00:00
7fceff3e743e1561b146d1a5095d512e,8a3c18fc53c4474498f2958ca276c8a3e4562430f5d7a65039c515c1545cf455,gpt-3.5-turbo-0613,2023-10-28 14:08:48+00:00
7fe1d5e294be2f24c2220b24d19c0933,0364db7148c4b6602669bb8ea5fb088a55e3ec45c17ed0db42e688c5a22fcb24,gpt-3.5-turbo-0125,2024-03-19 12:30:53+00:00
8013078e56f3a70771725c98a2f13382,dabea2893b8da0430ff5c90824edc4f05e400e8e6dad38334d37b3f6f096f44e,gpt-4-1106-preview,2024-03-01 16:10:26+00:00
8025a29d5dbf6ea2d5e8d0de0ef7c70d,9b034de6689f443376c2f0c4f3822c855aabf03c36196e344274e544174b8e1c,gpt-4-1106-preview,2024-03-12 09:39:20+00:00
804c4f6ed46db412d80b23555989b0e7,f681bcc79cd326cbcc2debac15299653acc95fcebe48da3bdd5e09771de6598f,gpt-3.5-turbo-0301,2023-06-12 19:27:56+00:00
8058eb362a70551b590efbfbf63e453c,b063c94d6464d58169a225e812b22a658347c005bc45b1df65faf3feba7f3015,gpt-3.5-turbo-0613,2023-10-08 22:52:22+00:00
80c910088112b0da398c46d2c7e8c08a,e30842969fe3dbf059f79825180c96ae9c16e3b4bde1955a06fb5ebce7e58f2c,gpt-4-0314,2023-04-26 05:32:29+00:00
80d69c566b907314d7d34b1e04c536a1,d616ead14104f03c980733846d73ceab0a5fc90b7a698c67a59afa88af42964c,gpt-4-0125-preview,2024-04-27 08:28:44+00:00
81327747c1e2e5e6a03554bee2996fbe,5900b67bbc48ba46b33b60056412107d7968f8aeadcf7710738f95006cd5b6a9,gpt-4-1106-preview,2023-12-03 07:44:08+00:00
813fcf50f9620eacefac02c9c2a8c358,6ccc9ba972ab19f177cde0efc09d371a01f0ee46033d141352b3f4154242e412,gpt-4-0314,2023-05-19 07:42:00+00:00
816faab5a0823443d30863823af1ab5c,7ddd406991acf73db8dad20c136f919fc775da0a2e4c120848cd60bbf5417a54,gpt-4-0125-preview,2024-03-15 23:06:55+00:00
8276818299ecd8302721f7d6e1ac015f,ff0356a2b7484ad3d95a6aa3702bb79da1f6859ff1e576c987c15640cab5c5a3,gpt-4-1106-preview,2024-03-09 10:48:39+00:00
82b43bc71380ae10c37f89f34ef9c0ce,4b45e5398710abf3a740071bae016c8f90103640edc972f69bdfde174af646e0,gpt-4-1106-preview,2024-02-17 22:09:59+00:00
8328c64f3a7f4c5fc1766418809dba9b,9025f805dba6e3f7836acaa2ec2b1ce014a9c98d6d815e0b01d3d75a4cddbc43,gpt-4-0314,2023-04-30 06:51:36+00:00
83e18ef690badadbb4864ce3d49e4045,5b92e88a2dc604536f8bf3c433d104b358850f8c694c57fcf22e135ca47ac8ae,gpt-4-1106-preview,2023-11-17 14:20:02+00:00
8440d5bada73dd0c0ff1b0640c580835,780808cbf36abba6575b40db0609678be11c498215bb43231809eff0f739c2eb,gpt-4-0314,2023-05-09 15:29:40+00:00
8587a84fdba202e0f4602cad2028c38a,9efdc2966180b64013e23e5a4d7734853c3161b99e2fdd9fe82d001f0a6e0e02,gpt-3.5-turbo-0301,2023-06-02 18:26:21+00:00
85ad3325483ea448ab60f5aa63ee0ba2,c64193f01ae80757102ac8be060548cb4803687804a54360aed84eb918adf233,gpt-4-0314,2023-04-18 00:05:06+00:00
85e1d86ce095514c047bb4696461cb18,415e16d799ba253a32c4651dd9f60045e21ed7464c5c77c0e92790f2ca940b8f,gpt-3.5-turbo-0301,2023-04-14 15:09:07+00:00
86664deba506e7e367175918ddd581e1,bf1a732a372a86f4345bd52ff0436f45cef8d9309794d41fc32be7d2708761c0,gpt-4-1106-preview,2024-03-02 06:48:02+00:00
8690acf4233cf39cb02caf31beb850d7,44559c2e7c9fed1bfcc9fdc469b68672926dd35600512a27f9ff656fbd00043c,gpt-4-1106-preview,2023-11-10 12:44:50+00:00
86f1b76c2a78161e20dcb872ff0183a3,52c8172d82c0ae74c9183269ebd78770354faf87267e58139c1f2a566cc69769,gpt-3.5-turbo-0613,2023-11-09 08:17:29+00:00
86f9f1896ec07f357075b6618df63c42,6c9147650835b92af26f7c7b4aaa52e94516c32879ce59658fe2778e42494f46,gpt-4-0125-preview,2024-03-26 05:40:14+00:00
875f6c094e85af6c6195b752379935ca,445c05afe857648310dc56da9d550f507e5f23a7f885876ac1fff32b4b9751a4,gpt-4-0125-preview,2024-03-22 15:07:12+00:00
8774675e99cda046000446e0f7c5bd41,9a7bd89bf3ac15042b0a8ba62051faf8fe816b5b6feb2210cecc612c132e5033,gpt-4-0125-preview,2024-04-18 12:44:57+00:00
87d9eceb2483cd540cd9de10f4c8a6c6,c857c8d3b2c95cd61b401ed2b81ea28a9ee41db5b34b08c3231f84cf27117e9e,gpt-4-0314,2023-05-29 20:58:23+00:00
880432d620703ab4a9c563014ab92c4c,fdbe8f8ef9b6c5d0302b0e3e9775cdea93e60563ee5ea40c6e0fad5210b477bb,gpt-4-0125-preview,2024-03-29 03:26:14+00:00
882c4eb3b8849b86f115deff47617c09,f2c9d3346656546d88a111d01abfeb3a940aa719be32cc09e50c7dff4cb4997f,gpt-3.5-turbo-0613,2023-11-19 21:21:09+00:00
88cba185f6b6aed9b98877d27f4900c9,777f19a60bb2ae049d3e4647241c756caafc529951c23c4399dfbc58869ab2ef,gpt-4-0125-preview,2024-03-18 19:25:50+00:00
89b30e16b957b45fd229e03fcd19eb7a,8e2b10264313169abe53415719c3af641957b1654c0a11c3151a4f2140ad0eca,gpt-4-1106-preview,2024-02-16 23:44:05+00:00
8a0de5c9bdb3031d2f161f9841104e69,b45a5584b3855b35df8889a9c280eb7ac64847d16df0fc10c58bd64db17dcee7,gpt-4-0314,2023-05-01 19:04:48+00:00
8a372510429c2beafbd97e1565f781a1,242676b6f23444eb84da5a2dd54a7919f2b123d09365624009f55a88df7327f7,gpt-4-0125-preview,2024-04-02 05:46:58+00:00
8ab38db05e12e690e423ae1bb7364c1d,3f67bbff4aec070a8403dbc6c0506573109eea7c57bdfe2d6a64129e07be7b5f,gpt-4-0314,2023-05-03 08:36:08+00:00
8ac53ef20e015d3a6ae29adb1ae50d28,6cae7d37b30a8a49b4968255048c55300564edf96cb28bbf5f87046965de576d,gpt-4-0314,2023-06-03 10:25:57+00:00
8ad48f38edf6fe867f2311877f883bc5,5f93a7fa8042f898685d82fc2606d0b062b1bbbf41c8b9b261634841b6171c8d,gpt-4-0314,2023-05-01 05:39:26+00:00
8af8871377e20f780a361febe0fe80a4,a24fae0aefe5639efb6ae83e1d70c8b81ee3174ba1f5627655549d92436a5549,gpt-3.5-turbo-0301,2023-05-08 18:44:48+00:00
8b191f883e8de081b5e6855e57054d78,0180d13eb363f0e2c477e51d69e0396e2b6cecc9c49ce6df1e45dfb59f2ddaa4,gpt-3.5-turbo-0613,2023-10-01 05:24:07+00:00
8b375be63cd5be4bd955df3f962445f1,54056fc82423e5506bcc1cd80075df7d336ebd727d6b0e28b7c6f5c3668fead6,gpt-3.5-turbo-0613,2023-11-20 18:36:00+00:00
8b5d537409dd4a45097766bf0e8cc7e7,e593a87e8a27aa1b56b6d22eae8b3dd277684afcb4655948aff09bc9d9fde253,gpt-3.5-turbo-0613,2023-09-26 05:25:03+00:00
8b7d0261b2a469aa01067aa9ccd56531,d42f0ca355bc91aa91e626bfa04c3a1b35c997639a1f3a180354408eaeca150d,gpt-4-0314,2023-04-09 08:06:38+00:00
8bf7db4e5f41c8c348a3afecc7f50d4e,ab440fe50a667702be3c1f09b8c6c5540953a7254304c98a847502dd310c98a6,gpt-4-1106-preview,2024-03-14 01:18:17+00:00
8c1379f402a6796c0840e555a22b8ebe,a1aef37de4cb73ccb1c93fa2c7432800cfe7e265632a7ed7aadd8db611fadcae,gpt-4-1106-preview,2023-11-27 09:37:59+00:00
8c71ce34ad4382441ab4a2c50f6a631d,d42f0ca355bc91aa91e626bfa04c3a1b35c997639a1f3a180354408eaeca150d,gpt-4-0314,2023-04-27 01:10:37+00:00
8c8363249b842a4056091c34516ed769,96f046bedc1d9433397b200cb73c7c5415c494141319d2bcc9be76d793f70c51,gpt-4-1106-preview,2023-11-30 15:34:12+00:00
8cbcbd325e6bc9ecc6385372993dc2ba,51c820762c83a5cf74ee47f53f8e7f53487406d68c5ff848cb5c8bb879915a94,gpt-4-0314,2023-06-15 14:44:06+00:00
8cfba19c31e7fa7a1a3bdf60c916a7e8,ebde5aa735f569f7aab7ac019373a6760fb7b2b6509f3f38ced0a3ecaf66579b,gpt-3.5-turbo-0613,2023-11-10 05:39:42+00:00
8d1eee69134ff7d9d349fa42cf2c5d28,fc43389069a40502de0ba4f9672459efbab7dcf5def9ae861a543f77f49f065e,gpt-4-0125-preview,2024-04-18 02:47:32+00:00
8d57cdffb3533ab3bcd693f647913772,7ddd406991acf73db8dad20c136f919fc775da0a2e4c120848cd60bbf5417a54,gpt-4-0125-preview,2024-03-16 05:59:20+00:00
8d7f5342c8f4f97faa1f2cf731c16215,ef82f75c0102298dc3ba64b312256198a868c3042b7a6b84de27f2e32fd41b99,gpt-3.5-turbo-0613,2023-07-29 19:54:37+00:00
8dd3133bf4fa2072b0813c6eef15d1df,2b13c83282e152dfee0ae1fa616f1b47f263293a5150094c1f1d4d97604c12ac,gpt-4-1106-preview,2024-01-11 14:37:57+00:00
8e78d173545c9430e977cc12dc08530d,181638d0ae5fc336ff3a4a11ae0657f9d8013986a95cf8cbc34e5d14a87c51dd,gpt-4-1106-preview,2024-02-24 06:06:12+00:00
8e9c09838e6ae2570bc1f05d5713fe61,6b73d76fc542a80bbb52b4ede35b564ec7ba60ee4e69f3c616c201894e73b0f0,gpt-3.5-turbo-0301,2023-04-21 12:06:20+00:00
8ecc6da2da51396cbece6f239b17d5e0,9c8b3188a7d593bb90f7f6f724ed2d3cfdb1d29aba4e7cc050e043e8257b1b50,gpt-4-1106-preview,2024-02-27 23:20:19+00:00
8ed0f65150d1e8303306da1d58ddb756,59cc4f76716725cb58f0170c1c2f10127c2b231833743b05e3cf178020ae0409,gpt-4-1106-preview,2024-02-26 23:09:09+00:00
8fc58a0b288ddfa42c314144c9efb3e6,0c281ccffa19f3b84fb79fb770502ffd9da67b5677dd82f26fbf2b3543ee6f70,gpt-4-0314,2023-05-05 07:35:52+00:00
8ff3c19e482c11ef7c683973f452f9d4,83237102bae446773d18c8770153efd4ceade6fd14c89302c536dc4b88996111,gpt-3.5-turbo-0613,2024-01-22 07:30:29+00:00
8fff22877da2dbf5d71e310bd82ddf33,0ecd425629b06996b582633a23df0eff72761e3c16b607b5f1412d4cb6e15e59,gpt-3.5-turbo-0613,2023-09-05 10:59:19+00:00
905f203a724fbabf639c732f58a3f2f5,018e1d9c6bc4170fd20402f5675c16b314be281b7731ab630d0c44952fe367b6,gpt-3.5-turbo-0613,2023-07-06 15:03:18+00:00
90828c2f843afbab5ddfa926d747e5e3,2f0ab9b5551d646f42825ab6816054482a39cfde9043dca61607b0cf655037b3,gpt-3.5-turbo-0613,2023-07-03 00:14:44+00:00
90ede841b7141cafa86a7a1d608a6ebd,a5c042ff38425624595712fb47c6e645e44cd0b84ff80646cc1b7e4cb5802457,gpt-3.5-turbo-0301,2023-05-05 07:59:43+00:00
90f13579f43f0018cd65dbd1acaa6f50,47a8d614a5bef6f820c383c993d6de33637b96f5db0d1ddc55fee27468b4ca9a,gpt-4-0125-preview,2024-04-29 22:04:34+00:00
917fe918435cdd05483826364d5a5cd2,8a8c8f3cb377203a8c1beec5eb483f4b571f94fdc087f0d8678ded11aa34e6c5,gpt-4-0314,2023-04-17 01:22:46+00:00
918a5e40795457d547928c9d78f35d8d,37d91a28807e7b7a9df6a5ce0e816630adc1aedb37a22d25431513b390d9aba7,gpt-3.5-turbo-0613,2023-08-19 02:43:17+00:00
91a2f8a460027b5c3523d6a2db58adca,a63738190bd397642c671492f985dbe38a26d364a1de5635ea92f38aa661a5af,gpt-4-1106-preview,2024-03-05 17:03:04+00:00
91aeb5d11c2127a47ea5c9590f0fbd65,d21a9a03e9b8fe3714d28570cf869332e08508e14a546c88f16e740b1634e479,gpt-3.5-turbo-0613,2023-10-21 04:52:16+00:00
91af47399fc5519f5eb8d330b9d0b2ff,eff563d163f0c202512a554f1bf59d4499c75724ddbc55883e1b83e3464727d1,gpt-4-0314,2023-04-25 21:56:17+00:00
91c118ef8e976114bdb96972b1928cfe,54b016d1cd23c3d2eda937396d964953f32be356e2d53051a200cef79a1c81d4,gpt-4-0125-preview,2024-04-18 10:26:38+00:00
929f1b3106c0cbc1440f9d81626f8171,93a2b45bf889297a9cbbfe3bece52f9c57e3227429392a5058227dae954b159a,gpt-4-0314,2023-06-24 11:05:19+00:00
92a04dfe54d5b13f80d9815cc5b01ead,59cc4f76716725cb58f0170c1c2f10127c2b231833743b05e3cf178020ae0409,gpt-4-1106-preview,2024-02-18 21:19:23+00:00
92f98d6464a3f6abfee177ac4b109368,c857c8d3b2c95cd61b401ed2b81ea28a9ee41db5b34b08c3231f84cf27117e9e,gpt-4-0314,2023-06-11 15:51:47+00:00
9326c889c5fdba59496563186024b7bd,96983f6c1e15a7b5ae99e0eb0a75ffa638442bcc956175a49c5061529d60c4f8,gpt-4-0314,2023-05-19 19:48:50+00:00
9397acbb42f5223545d7b0d306597a3d,5f2d047786dc998d33ffe3a6896bf9e26572149a2fdd0762166058eecc0c7cdb,gpt-4-0125-preview,2024-04-17 17:24:20+00:00
93bec7018b4953dec816686d5a3353ba,fb0df93c92bfc3dd4a7d2c5e8026d0e4827237f930188653f994616061647bd1,gpt-4-1106-preview,2024-02-27 16:26:15+00:00
958ef6b89fc7815ce4d6ae34b20faf9b,0616aedcb4158985a59522ffc2a9e7b25fd65b243af72f9d3a05807ec5445068,gpt-4-1106-preview,2023-12-24 15:00:57+00:00
9593745d97b6b1e9f2bf9943143edea3,aaf2eaecf4d427f031600261479289931263b946d5f2843f6cdd97ed1aedb9f4,gpt-3.5-turbo-0613,2023-11-27 07:30:50+00:00
95973015f88c20505f517ec9aaee1b27,c857c8d3b2c95cd61b401ed2b81ea28a9ee41db5b34b08c3231f84cf27117e9e,gpt-4-0314,2023-06-04 15:07:46+00:00
95ef76b3bd946cf457b978c3e13689ae,24387806e9dfa228360163465875edc63b3d8ffee00a371743396640022f0865,gpt-4-0314,2023-06-05 04:26:19+00:00
95fd17ceed0b0ce4cca82950f561bfb4,cf0f77cbbb30bf6218f51d7070df705dc949d3239c75eb140c9f2afa5bbf5eb3,gpt-4-0314,2023-05-14 09:52:43+00:00
96a25d9505d16214fbe4f91c73727723,aa0aff6c63ba113221266885f8e9942f226601268fb97c56830d52d4f744f2b2,gpt-4-0125-preview,2024-04-12 03:24:41+00:00
96cf921ef448ddea18eef765a4e74f74,7e01afd3bd65905447234a2283cd61828e2ba808a9781e662895da74d7dd45a2,gpt-4-0314,2023-05-12 04:44:22+00:00
96e8dcc9531b84b66046e9c9e1403f1e,67bd5163b0d0e03d23b329929eca58c74e3b1e054f5a5ac724c03abb2bc1cb9b,gpt-3.5-turbo-0613,2023-08-16 19:14:07+00:00
9869bbcb304b9080c1421da6ea0020ad,84938fa37f000e617d1ad8e07ac4bbb78cb334e4d874bfb4be5aec988b3d086c,gpt-4-0314,2023-04-22 17:03:07+00:00
9a2c277fd2155762a7366e80406d82bd,427e4675f8c8f4cd9fc5b01087b78f1c24ec0b481d7a31ceed8218db44127fd5,gpt-4-0314,2023-04-30 10:09:11+00:00
9ab1403444c28185c6be46addad51b17,965a6f20893f2bf47e9db08d9ba57e845af57cd16eb9d5125ae5840dbdf2bb85,gpt-3.5-turbo-0613,2023-07-06 21:19:48+00:00
9ac3262082a870e089b976ba2127fcc8,1f65fa33d20972d01164ef989236141b73be2546127ce910b5d6ec60b71b3de7,gpt-3.5-turbo-0301,2023-06-18 09:18:54+00:00
9adf0c63d5f6f3225a14fcba5a86612d,6100d79146fc1a355d6cc6a11011099d95835bc511be23beeeafbd4a00871141,gpt-3.5-turbo-0613,2023-07-04 17:20:17+00:00
9aeef55617044e085380c2df912030ae,d5d0c022a440c9727b2034c8caa92f8752709c1d5c4115c5dee5b7eb95d840e2,gpt-3.5-turbo-0613,2023-08-03 11:35:56+00:00
9b094c4614720e02d74f6f50da1d6a66,415f82a7fedeb0ed28bccd20400b3dd6043c963efb19ee701ea6fa301b782b4b,gpt-3.5-turbo-0613,2023-11-08 21:46:46+00:00
9b1509d01183a4b0c2099ff30a4dab05,9c8b3188a7d593bb90f7f6f724ed2d3cfdb1d29aba4e7cc050e043e8257b1b50,gpt-4-1106-preview,2024-02-27 23:47:09+00:00
9b9c7550c394b65c09478d004227ff7d,0b9325c2cb0428c21a6548e2cd5a9f4f3313f3da848874832cd09831b3d5dd65,gpt-4-1106-preview,2024-03-02 23:23:58+00:00
9bafb6f74d05edde8ca8f6203a7e7064,3f67bbff4aec070a8403dbc6c0506573109eea7c57bdfe2d6a64129e07be7b5f,gpt-4-0314,2023-05-03 08:25:43+00:00
9bb27a3829feebc0e6e25b4408251907,727afaa633479932ea0f07abcc0474528763e855e86801f77852651308dc2e64,gpt-3.5-turbo-0613,2023-11-08 17:25:40+00:00
9bc4a0d5aad2299d268831de41ec5611,9098115f677ca1dea0677532c0afe9c794baee25cd092bc2e944caf056698bb8,gpt-3.5-turbo-0613,2023-12-16 21:40:50+00:00
9c1928d9379f013037cacb677e25482c,6ed47f7daffa5b66bd2a1da89aacb0970c3e9be8bd632e51ef3da6f67d7260b4,gpt-3.5-turbo-0613,2023-11-11 11:21:12+00:00
9c1b86aa14b95ba3c4226c2c0c1de8ab,47f11557ad5c13f0e4a614123af57d2fe97a22cc62a076107c622c922a64c731,gpt-3.5-turbo-0613,2023-07-04 08:32:17+00:00
9d1a4fce1c4bc659cd5fcb522f1dd56e,270c3040f8154e6e64517bc70ca68adc2d73ae08d230d9c060f75dd699c868fc,gpt-3.5-turbo-0301,2023-04-21 14:39:52+00:00
9d3597f44362424428486c539a9d0f09,c857c8d3b2c95cd61b401ed2b81ea28a9ee41db5b34b08c3231f84cf27117e9e,gpt-4-0314,2023-06-04 19:05:56+00:00
9d8ea374a276d7ba2da4609acdadd1c5,dd6028d0f4e5223f5af66be8681c2e08f32bca661329bae9f83517999e40bf4c,gpt-4-0125-preview,2024-04-28 11:23:43+00:00
9e8478e03e0f37b3498848f969489f04,0d548ad4fe8691b186baf5148dcf4b5b50d7c38e769305ca73fbcf3f133e4b47,gpt-4-1106-preview,2023-12-01 01:50:36+00:00
9ed4e8a947273bd41dad25dfe9bce083,14a7e298772bab9b90072b4a8235c781060aa7e04ee1f30a4d39ba3461739ef0,gpt-4-1106-preview,2024-02-19 09:40:02+00:00
9eda03e3f854b74ade0b6384ef264434,d3b5f87b15648a1572d37eae58e4488c51ebc07b5fab837c90d234e4fdb4d344,gpt-4-1106-preview,2024-01-12 06:14:37+00:00
9f273d3d9daa10fb46a60d34200c9c53,232d890a6e5928e9c0b31af60c65d7ab04600575f08381cb1d53f0070aebfeb7,gpt-4-0314,2023-05-14 14:36:12+00:00
9fcfe44216cfece298b200b44c234ec5,4d4beb37ddc9ac91257b9bece689d59f8a318443f6f8d8b6ae3f1099b91e8833,gpt-4-0314,2023-04-09 06:09:41+00:00
a03f3096a1d233aa568e2b58b2ac22bf,65c65d6dbf104abc529048c6e175153419f487aedc5e4dc15a45d229d9033bf5,gpt-4-0125-preview,2024-03-24 10:08:00+00:00
a0648f9b94a6b5660892546769507a8f,3f67bbff4aec070a8403dbc6c0506573109eea7c57bdfe2d6a64129e07be7b5f,gpt-4-0314,2023-05-01 15:41:12+00:00
a0afdc9e08fa734cac5a3383df681c7d,b986ede946d24b01a54168d9bf9ffa4bf1797863a3494000c3c20f4e00aa2c97,gpt-3.5-turbo-0125,2024-03-28 17:53:18+00:00
a0eeffa8dbf0466232655e61d6e9a142,fb126c619948fec047236852baa2173b1dc09174239f860d2b787945e0fa5a9f,gpt-3.5-turbo-0613,2023-11-06 21:12:37+00:00
a0feb7af94d9d8bdada48577fa073063,6887dfe763da115f5f5820653ee4630290c7b5bd7fd8f7c181382784e4071aa3,gpt-4-0314,2023-04-24 00:43:06+00:00
a10e1fdb2ef3efcb518791a8e05aeb3b,c857c8d3b2c95cd61b401ed2b81ea28a9ee41db5b34b08c3231f84cf27117e9e,gpt-4-0314,2023-05-30 11:34:52+00:00
a11b1bd8857c1ed89d143a64686d0e3b,2b8117847733a39e892d2710291dc3e2eee4552e65560ca3480bcbeba1f6e7ff,gpt-4-1106-preview,2024-03-11 16:42:46+00:00
a1808c25cc4c8bce9aafd3407eef04fc,d42f0ca355bc91aa91e626bfa04c3a1b35c997639a1f3a180354408eaeca150d,gpt-4-0314,2023-04-13 16:37:51+00:00
a181d567a9da75cb821f19fbb34f607b,8fbaed471a894a29a3d3779e1e0de9d40f7ccb50b2582e5dad7c72dfacd7fd1d,gpt-4-1106-preview,2024-01-28 18:38:15+00:00
a22b5f98d779f0f24d8df4b014c18f2b,159fca9802fe5c051c38d36676020bca99d712227d5228a9566fd754c5b1abb4,gpt-3.5-turbo-0613,2023-12-15 20:56:44+00:00
a2317821589c00dfdd9aca75b07023b3,91eadd76bf8425f32cd892ee7a7c43530dddab395b1110ab530be94e0c9e6d9c,gpt-4-1106-preview,2023-12-22 15:22:08+00:00
a29bee91aac9789ea659616eda28b3e3,780808cbf36abba6575b40db0609678be11c498215bb43231809eff0f739c2eb,gpt-3.5-turbo-0301,2023-05-09 17:00:45+00:00
a2ab8931477872c20c0dc2544fb97932,5417051c47a437b98f7808987463b1cc0600bd705628c5969b962e468114a076,gpt-3.5-turbo-0613,2023-07-18 10:25:34+00:00
a2e231af54c8249adde814d28a28b46f,e9fa5b047ff4c2a3a5d2fd826db65e9b5d5c5a157369468317021e1cbc207f3a,gpt-4-1106-preview,2024-02-20 22:27:22+00:00
a2e621324e724bf2685befdc226cbe73,9c98346786fc5a4fdd3f57dd48a68212fcccc6a1e752885cb28a91c472342fdf,gpt-3.5-turbo-0613,2023-07-03 11:26:23+00:00
a3658a79c134afd296e85e7e1f99687d,c8e31e941cdc33f6e084e822098827b0af0e48328bf025e5cec46415e2f9b6f2,gpt-4-1106-preview,2024-01-02 18:35:19+00:00
a386c132e0293f2c8b7411587311cdd1,a86c830bff237f75d8e1222649afe6ed545a2973ba9620537c794d396a81a107,gpt-4-1106-preview,2024-01-31 20:12:54+00:00
a3c9ad6fab05ee62ce0800e7b66ae510,cb226c812e12c90dec2fc18fdae319d8cf74798ca1d2b277ca989663c2bb9ced,gpt-4-1106-preview,2024-01-10 22:08:32+00:00
a3e273f30a081cd81a3d4420e5ad82ab,9ffdbec3b7b8893f81d69670c3e0160d365b30c265166010ca7202b1b1dd8af6,gpt-3.5-turbo-0613,2023-07-27 15:59:34+00:00
a4442250f7e72d05bdd92d897f34c255,e1b1d2818bf4e128f3e521fd306c2312a5c04a412b34e69dfa02cae5bdb8d3f8,gpt-4-1106-preview,2023-11-20 15:11:44+00:00
a471d5f82aa0fd8150b590888cfa6fdc,f651f69101266fd47507a23f4b9463523e4f1b8ec094c9f94d5663248080f793,gpt-4-1106-preview,2024-01-04 13:23:01+00:00
a482471f8724c803cb33144f7764e74d,7c02ffc91739cbe8e1b8dd8c2ef35e8af350116d04994e84c687cad0c021bfe8,gpt-4-1106-preview,2023-12-14 01:42:09+00:00
a4bdde8fb69a1bfcbfbd8a1c6e0df883,633388db39a402837effea8401c9bc859ccd4db05042ce9917ae9ce8ee747df1,gpt-3.5-turbo-0613,2023-09-26 13:57:55+00:00
a4e93efce7cae7b41fc2bfa36452ecfa,cec03ce2caa406d1d2afe7f8292a313b0329a6474decc67c148d8939c55687ba,gpt-4-1106-preview,2024-01-16 13:56:29+00:00
a50f1d240bc36228097c98cfefa47639,072a0b4ed507c05050662c5b27ad9375078a68e6d825b1d0d21458a521591776,gpt-3.5-turbo-0613,2023-12-06 14:23:06+00:00
a5516e4f8ba66a96870661095ce408d4,d5d0c022a440c9727b2034c8caa92f8752709c1d5c4115c5dee5b7eb95d840e2,gpt-3.5-turbo-0613,2023-08-22 14:36:24+00:00
a597c7a36bac2562a66439ecdea2063a,cf01c6897bec8e8a753ab641882ea15ce9742b087d49cb4f2dea7e03187abe21,gpt-4-0314,2023-04-24 13:10:37+00:00
a5bec537d390956972d94d29ff96f417,0c9c85237b6ed6ea52f3a44e3c8b0e8cebf7050e0a084dfe5af25c946326e951,gpt-4-0125-preview,2024-03-16 19:31:23+00:00
a5d93e941ed46438d2d4d2b73588d65e,0364db7148c4b6602669bb8ea5fb088a55e3ec45c17ed0db42e688c5a22fcb24,gpt-4-1106-preview,2024-01-22 13:36:43+00:00
a5e507d326af6b9a92d1e662c00233f5,18803f445af71f81a7ce3ede8d3cb05f5228ff1ac213fa9e60b05bc587c279b6,gpt-4-1106-preview,2024-03-05 11:41:02+00:00
a63b7242b9b2f93b8af8493a1e18ee20,9b04a4866232e4439196d87c090b1c592e6bd0395a75e386cbd2c41c963df530,gpt-4-1106-preview,2024-03-04 01:31:49+00:00
a6eae8c4bdb22fdc7365aaff433da74c,9e09dd6155137e3e3463c46781c93523d9d1ce81a381449209f757afbce33e74,gpt-4-0314,2023-06-14 00:29:09+00:00
a76b4d81f08ad44ba7991b3f82922b6b,cfc2607a876a894df503962d243fff1172fd0cd8937ec5a67707007b12ca7c33,gpt-4-0125-preview,2024-03-17 03:00:49+00:00
a7a76e561d60b6078d2cd3950a288a26,fe1c648471c4ee9553122e4c45a87b5d9c225e7d553ba05479dc2f6dcab44aab,gpt-3.5-turbo-0301,2023-05-16 02:34:38+00:00
a83ad412f49867f3a915e06ffd9d56c5,eeabd1bc7ffd39623f1d2141e14dba449241aea71b9cbfeb92d9704f78df0ecb,gpt-3.5-turbo-0613,2023-07-01 01:51:11+00:00
a85b596d6a16ba58a0602fdf2f017aeb,de326c5995f07ff970afe9ef04523eda440ef29745631a1a7d017a68262b81ec,gpt-4-0314,2023-05-10 21:59:53+00:00
a866628e443a57f30535fdf6317b4f20,6bb0e8aef102e1e900589ff5dd760afc7621601c19b743783e8919faab968ef8,gpt-4-0125-preview,2024-03-15 08:31:11+00:00
a87ff7e8a9e2fe48aac998fe20163c5c,d5d0c022a440c9727b2034c8caa92f8752709c1d5c4115c5dee5b7eb95d840e2,gpt-3.5-turbo-0613,2023-09-17 18:30:00+00:00
a88a8cbaf304bfa48244fbcbf67a32e1,734163169e4626e9a5bed46981e4f28c9b28f8baa8d3351851d42d5488690a26,gpt-3.5-turbo-0613,2023-07-05 08:46:53+00:00
a9259dde2feb725184e8c4426b430c7c,5f38f7c0f99c2ff176f5d9224a93b823dded325937db7e1fb97bdb5d7eac3f30,gpt-4-1106-preview,2024-01-08 10:42:49+00:00
a94d28fde56e45250c95a06d0efe3a93,01a8a88d67f90e8163f7bf2d035bc91b4a78c1471945531d3062225e7ca9e706,gpt-4-0125-preview,2024-03-25 12:03:48+00:00
a9adc4aa56cc95667404967936f56775,6bb0e8aef102e1e900589ff5dd760afc7621601c19b743783e8919faab968ef8,gpt-3.5-turbo-0125,2024-03-15 08:34:38+00:00
aa493713f0e3337141b1c2303f528431,59cc4f76716725cb58f0170c1c2f10127c2b231833743b05e3cf178020ae0409,gpt-4-0125-preview,2024-03-17 10:39:26+00:00
aa78355c0e9b6b4b02cff8442f8f2cff,def873eaf3ad3e94b22ae4704c5600d27ceb37d7a5b63f4dbab35dc9b9f0bf2c,gpt-4-0125-preview,2024-04-16 19:27:14+00:00
aae67808ea6408d475a93fdc2dfa4fd9,3f67bbff4aec070a8403dbc6c0506573109eea7c57bdfe2d6a64129e07be7b5f,gpt-4-0314,2023-05-03 08:23:04+00:00
aae751d0117b23df611805c796f88781,277a84acf1246ec13163278db43a3a12435eb7abdb181a4356bd00f73b639fc2,gpt-4-0314,2023-05-13 21:39:37+00:00
ab4c1c5d7f600f761a8010fb4cdc14f2,6df687d3804ca896895ed2d15be47b538288636d0d06ba24de716673d7844699,gpt-4-0314,2023-05-19 23:38:30+00:00
ab7dd642fd52871dfd3b3b15e314f72c,0edc58a16994318f294881b9fc325f0848677fbe36e3b3ab4d403ef74ace0d27,gpt-4-1106-preview,2023-12-20 08:05:19+00:00
ac55c5d0803213efc8f3db8aa7b84ae7,96f046bedc1d9433397b200cb73c7c5415c494141319d2bcc9be76d793f70c51,gpt-4-1106-preview,2023-11-30 15:32:31+00:00
ac6f0a15230b7cb2503c71f28ddc0f83,f5b88ffe5a17d6ab1892aaef5b3880a6a17cf14fc350f290442fb9e928e3e87a,gpt-4-0125-preview,2024-04-07 18:04:38+00:00
ad23cf6480ea9b5c7108a3912290f8a7,4ccc97e612cf981426470ad6af26ca138a4b7680f564963bdcd44fd390f1f001,gpt-4-0314,2023-05-14 10:50:22+00:00
ad274148d1ebe96d3169824251c610ae,2b13c83282e152dfee0ae1fa616f1b47f263293a5150094c1f1d4d97604c12ac,gpt-3.5-turbo-0301,2023-05-10 16:20:25+00:00
ad3fae26cb5de0fbb31b01e522e908ce,965a6f20893f2bf47e9db08d9ba57e845af57cd16eb9d5125ae5840dbdf2bb85,gpt-3.5-turbo-0613,2023-07-08 10:54:47+00:00
ad55126cb9fc72b270ab25836500150c,234c00c02439b68772429021b321d39bebe8cbb9ffd54f4ff744c5a5ab70e093,gpt-4-0314,2023-05-06 04:45:25+00:00
adf8a6d66d50b7f0fcc5187927c96af4,c1ca226508edf60806c78b7f67f5518c7fac1ec95e4793f9eff63053324f8054,gpt-4-0314,2023-05-08 10:05:27+00:00
adfde7e4fd1bf300e8091ff8480511a9,6f6034821811dda5586300b7c71205078169dc2c74ea8415aa293cc9b311dcdf,gpt-3.5-turbo-0613,2023-12-06 19:08:49+00:00
af3bfd7c99cde2a3ad46f75c23940317,f79ee9647e8b51e22526faf1e65a99ac82613609848c4f1c76f0cacba61e1103,gpt-4-1106-preview,2023-12-18 01:56:37+00:00
af5cf73118eb5f037a332bf7b5e81319,7fa060c8ca11ca44fe5af9c6a4035db6c44c40b36ac525eecdbcaf093bb16834,gpt-4-1106-preview,2023-11-19 14:01:28+00:00
af919e814793a192f33f3056a71e1e05,6053a0bf5b3fbbdadd8882a6f9ed00abaffaa8044983ccb3807bfbd100b55694,gpt-3.5-turbo-0301,2023-05-23 02:38:28+00:00
afd173f4de84ee096327d3a972177cd1,c9c9872583d0b70e6d683055b5146fd3175f9559a193a9ad158c5ea4b646b94e,gpt-3.5-turbo-0613,2023-11-26 22:46:24+00:00
afff87ecb7f302d6d17e898a00d5da9b,4ccc97e612cf981426470ad6af26ca138a4b7680f564963bdcd44fd390f1f001,gpt-4-0314,2023-05-16 05:05:04+00:00
b00adfaf572773c02a95c5c3ef7866f6,9c8b3188a7d593bb90f7f6f724ed2d3cfdb1d29aba4e7cc050e043e8257b1b50,gpt-4-1106-preview,2024-02-27 23:43:04+00:00
b0861a59c394df14b22e386018f3eba2,6294b514b2183c45e4e99603ffb97adc0f7b2c680551a99ea08a7efed05fe4b4,gpt-4-0314,2023-04-29 03:15:33+00:00
b0a286217d4a144b0ce2d88327c58e64,0ddd347420c8fc61998ff8bcef51e68e6b88db924a575e49c9848f4e57231ed3,gpt-4-0125-preview,2024-03-20 18:51:35+00:00
b10a2e2f31531761ebedd101ebe8cac3,dde23fb22b2bfd519a555e0cf81f79965ecffa5d636129511ae29a9aa96e648e,gpt-3.5-turbo-0301,2023-04-28 03:42:18+00:00
b15dc5202823b368f02a0ab0fd2983e3,70a4dc3a0e221831543cebb9d7ee4216090c76f582b88090db924bf58ae3b48e,gpt-4-0314,2023-04-30 19:04:44+00:00
b19cd356a406565310f99bb7afd1a724,a81036f8bec33f1325c29d7badb1ce62651c9b131bf8d7750628365643f77562,gpt-3.5-turbo-0613,2023-09-28 13:52:16+00:00
b20a751bd578f1af00e4464eb577ceec,5dfe73ffc48c07547b122a55ec4563387b968660244d8e2ba5213500fc94d51c,gpt-4-1106-preview,2023-12-27 01:44:45+00:00
b20c379cd9681ab0a4239fd85743bafc,351d27df27e9c3b5cb042503a70bdb876b3576e7836e5a4256d0b8301139c7df,gpt-4-0125-preview,2024-04-11 09:41:37+00:00
b252a031a3845d05a35827bdb5666716,0364db7148c4b6602669bb8ea5fb088a55e3ec45c17ed0db42e688c5a22fcb24,gpt-3.5-turbo-0125,2024-02-29 13:14:35+00:00
b2663571ba406e6404a02281d907fdeb,02e52744e9815289ef36012965c36513c3fba1b02ac1546c3191c56d56cc16cd,gpt-4-1106-preview,2024-01-09 19:55:39+00:00
b294b1f9e557caf71b9e8a2e6ce7ce45,74847d9b0d424d2623bba27a3d3e160c29f37bb3059096a1147a3f70fe200bd8,gpt-3.5-turbo-0613,2023-07-14 13:17:06+00:00
b2b5ae17c94c56d33fea4ca83ada7582,ad5b13b16c3fd6b6dc0dbd2ffb56a3d15a0b54c98f33a022203e1aa67641d30f,gpt-4-0125-preview,2024-04-17 05:03:07+00:00
b2c96d2bf8383a380bf847629653b258,96983f6c1e15a7b5ae99e0eb0a75ffa638442bcc956175a49c5061529d60c4f8,gpt-4-0314,2023-05-19 19:31:07+00:00
b2f855526ff27292b0410cc8160c4727,c329abdbcb66d748ed58dbe0d9b8c019069238615ebc2fe016f45f373132c189,gpt-4-0125-preview,2024-03-21 12:08:52+00:00
b33390402a18cf328b2cc902539a1812,7c04c2b07385c0433a8002a1366fa9241bb842980c8630e3bf09ab75d92b35bc,gpt-4-0125-preview,2024-04-25 14:47:39+00:00
b341eb970c04b5cceac40403cff1a7e5,4a081809f3ee2587f01044a17738e32cce9fd06c73de8919fa25f913f1b53241,gpt-3.5-turbo-0301,2023-05-07 22:38:40+00:00
b346142e5ad758e7db3aa13d0a95e036,7f6d11a589d2e012259d834067db1ef362c24e9ba942786a69bda450b81ae1e4,gpt-4-0125-preview,2024-03-19 09:33:22+00:00
b39cabfd6c44c4e33388aa0db397053d,b755032c16af5e9ecbd5a05551fed2c9a21b6d28192284bc4abbaf35f84caa47,gpt-4-0125-preview,2024-03-15 21:48:47+00:00
b3f17af02624ca66c3701d08723c5967,e7a5088a0b41fac7741dbfcee08d78f20c97e308d8c6ed75cb36cdcffd32be8c,gpt-3.5-turbo-0301,2023-05-15 10:05:10+00:00
b4018ce51a99f496b8007a746f6bf7c6,1af9254bcabc02f9f9583bf07280699d11bffaf354a1e5417790e1fc3958bfc9,gpt-3.5-turbo-0301,2023-05-14 08:30:08+00:00
b4234fd28e0159d498b517c4e547548e,b215fac6946d31aee3fdb70f9a905e33df6a398e93c6932ee5b270a79279603c,gpt-3.5-turbo-0301,2023-06-09 08:24:47+00:00
b4792e54dce80cf4b6d208d14d8f1abd,4f3b1dde25841aa2aa34893d054242c895e39b2d98c88659cf00c5ee6864a6ae,gpt-4-0314,2023-06-08 04:50:26+00:00
b4dd3bbfc1a551a9949d1499077f0e09,c444311bbb41ba9fbbf63c94fd6a1cab8d067019a2952fcba4f9d13cb1c3d028,gpt-3.5-turbo-0301,2023-06-27 13:45:35+00:00
b4ee5f12f962e3a546e329620584a72e,db650d2989b2915bd7638870c0f3272a035ad81f9e622c74109df6e61a534d6b,gpt-3.5-turbo-0301,2023-06-12 16:22:13+00:00
b538d5b784921d91fe4ce68ddf966d71,efb6109d91509be28b46ec45db398ba122e6a6e9b01912508075dbb5bca7acfc,gpt-3.5-turbo-0301,2023-05-27 20:30:00+00:00
b54562b6265c20e5585fb02be6f6901e,273bab124428ba7c2ce6d0f47797f8836bbfa6228220ea343bc89cdd90137294,gpt-3.5-turbo-0613,2023-09-09 01:48:57+00:00
b57417471c6cb897327440534168d984,35efb586906874c5431262e3754f6a86211fed68e8ef18c90b76695a18ef17d0,gpt-3.5-turbo-0613,2024-01-22 14:35:10+00:00
b5842570f613c52db20777619e6e1ca9,a012be10f5c7e46ed9edd5aa4262138953b6d71acfe4561cdb86582a481f4e03,gpt-3.5-turbo-0613,2023-08-11 15:13:31+00:00
b584731f3417de0bb391bbc80557ba3e,bfc28eae788e62fb48ef0a3362e2c1e051937e3bfd06decaf445cfc2e5d62156,gpt-4-1106-preview,2023-12-28 01:50:54+00:00
b5877f140fb4ac5e524a0d4a2b598c1a,def873eaf3ad3e94b22ae4704c5600d27ceb37d7a5b63f4dbab35dc9b9f0bf2c,gpt-4-0125-preview,2024-04-16 19:22:58+00:00
b58f7823b2be86e0c69c0bae4b7fbce2,59cc4f76716725cb58f0170c1c2f10127c2b231833743b05e3cf178020ae0409,gpt-4-1106-preview,2024-02-29 08:44:08+00:00
b59ed911d2f84087d75efc2e37c3e5a5,734163169e4626e9a5bed46981e4f28c9b28f8baa8d3351851d42d5488690a26,gpt-4-0314,2023-06-09 06:33:56+00:00
b6025526afeb86344f45d2d4333966ab,33e20fdd0006eaa3342c49ac560b99afb2bc65dd8bae4721b0b537f3b4eac869,gpt-3.5-turbo-0613,2023-08-13 02:57:23+00:00
b669ae4e4278abd5167099c6daa8d8c6,397e631b44d0aa88036d8c404e329936701679cfbcc3e19607d5e9d972106e8b,gpt-4-1106-preview,2024-02-20 11:41:26+00:00
b6ab1a2e055c1e3da0fd07fa772364de,0180d13eb363f0e2c477e51d69e0396e2b6cecc9c49ce6df1e45dfb59f2ddaa4,gpt-3.5-turbo-0613,2023-10-11 03:54:31+00:00
b6d9af68270a1cfde1e2d2451a53f2ec,6294b514b2183c45e4e99603ffb97adc0f7b2c680551a99ea08a7efed05fe4b4,gpt-4-0314,2023-05-01 17:31:48+00:00
b73a4eed5efce995f1eba6cf48a789c2,ae38375aadf6b48b7cb2029377d3b582decf0ed7ff20bcefb14c0035948de9ef,gpt-3.5-turbo-0613,2023-11-30 10:59:20+00:00
b7832ba410b7200d18422dcfa5c716ef,943ca3424c8cc5372bc44715ae2ea593822b5afd2909923664b857ac6a1055ea,gpt-4-0125-preview,2024-04-23 13:04:05+00:00
b7d769ff1f8f5765de32cad140af7154,87040a70e6c19c7280ac4ae3183ace60494f29cf0175514c773c7dbb283a4136,gpt-3.5-turbo-0613,2023-09-16 23:00:04+00:00
b829620b7568f432360306e8206e15fa,e0fc067dde3fb8482fd383e6cde7bf238631960950e3f07259593d713272ce77,gpt-3.5-turbo-0301,2023-05-09 19:41:27+00:00
b83b50b3ddf2d8c142369673178148d3,1f4d76dc69084b9dc6fdf7a3734f44858e02a928790ac90a331b047f7e065030,gpt-4-0125-preview,2024-03-26 18:01:01+00:00
b8ac52267b44849d968a65f46b371933,def873eaf3ad3e94b22ae4704c5600d27ceb37d7a5b63f4dbab35dc9b9f0bf2c,gpt-4-0125-preview,2024-04-16 18:57:59+00:00
b8f05835ec7a336aa1a064855d17facc,a38144b9a69a8f78be7a511779b202234a5ddd97aac1b5caeda1c41f38dfcc2e,gpt-3.5-turbo-0613,2023-07-13 12:43:31+00:00
b923eb2e58b1b3360c0c74d4face6c9a,a9e8a9e365fe01f4de8b6f043ba6b95f07bfdc9cd0eb8d5e8f5b8038fd2e1887,gpt-4-0314,2023-05-24 17:21:53+00:00
b934aca676fe97667eab78208d07d297,ddf263f628f0b9844ed418f8f73b397ddd2c00245271abdc2bbe31c37f574071,gpt-4-1106-preview,2024-02-20 15:21:24+00:00
b9411c26e2050f18f144329ea61b58b5,7bfc89dbf9b006dc16dac925919bdf0dc84328fd6a0ae135d5ffb3249864b30b,gpt-3.5-turbo-0613,2023-08-18 09:33:02+00:00
b9da393c4bbf15fc17824ca5f84be911,7ddd406991acf73db8dad20c136f919fc775da0a2e4c120848cd60bbf5417a54,gpt-4-0125-preview,2024-03-18 00:07:56+00:00
b9e642775e2a05039cc82162168bd5ef,491f0498aeb652f378cd38d3d892646bfb7c16fdf97d7b8eeda218e89f2f89c3,gpt-3.5-turbo-0301,2023-05-05 13:38:19+00:00
ba44d2e0c47c26a70e5a557934189567,1f4afea506037af443f8d02ae1f0bb59ca4da395f40f3acd5a9166bfbe9cdca2,gpt-4-1106-preview,2023-11-26 19:46:02+00:00
ba8c83f1ef17fdfc00063c0ca8aca3b6,c1c75bb2d7d032e06b5a7570993ae48cc1ad3087d755f715b096e9d4f65d0e08,gpt-4-1106-preview,2023-12-08 22:06:14+00:00
ba9fc79a228dd99bec42dc267843fce3,9829d7f525db9a397ddcb4fe34d029e3f3f6f1fba0328199eac17ec5be639499,gpt-4-1106-preview,2024-03-09 16:03:53+00:00
bafe884ff1911ad647451ae0bd2a5894,71cfdf3815136572be2fbe8735c4ad8d720c7589ca4fff76b0c37c43b6d5a967,gpt-3.5-turbo-0301,2023-05-09 07:59:09+00:00
bb23d0db151653ae232902694e5e2808,1e3af167e86f6bb1d4ff92fc771fe497ebda567eb5852fa2d60c755c3ba02039,gpt-4-0314,2023-04-28 03:47:40+00:00
bb909d9ae22ff53e4de1c574aee6b75b,ce6d91e1665a1a3c45a1898f8c6f04ba053208c4b68906c9bc0ce599f4f49d8a,gpt-4-0125-preview,2024-03-18 16:04:57+00:00
bbbae0f9a20cae245bbbc7f99954daf4,633388db39a402837effea8401c9bc859ccd4db05042ce9917ae9ce8ee747df1,gpt-3.5-turbo-0613,2023-09-12 14:58:27+00:00
bbd23700fb46e4452ec3d704bb5b4668,d42f0ca355bc91aa91e626bfa04c3a1b35c997639a1f3a180354408eaeca150d,gpt-4-0314,2023-04-09 03:26:08+00:00
bc194f978f9846c52cb3a248ebcc8bcc,d5d0c022a440c9727b2034c8caa92f8752709c1d5c4115c5dee5b7eb95d840e2,gpt-3.5-turbo-0613,2023-08-04 12:24:39+00:00
bce48f3a5d81ae3f0e6463743aab1569,54ecff89be31adbb0c09e9e3a120842e2a4bc74db25de8cc3804f979bb99b691,gpt-3.5-turbo-0613,2023-10-19 22:56:36+00:00
bcf6d2311af83573f9b9ba8a1326001a,f3972362f6760add998e1d21576ba72412b3f014d7675e2300dce422e9de9d09,gpt-4-0314,2023-05-24 11:04:27+00:00
bd2c5a80bd09879988dc0a5c1f27a82a,9dabf15b14af729463a1ed1bf706006ba54f084d70a52ac56d9119013fbee44c,gpt-3.5-turbo-0613,2024-01-12 04:52:06+00:00
bd4e5e60dc5c721c020cb7cca51fe142,9205195c53aa3a0e50e598a79ba122d802b0752db033b3d7f035184cc1f06839,gpt-3.5-turbo-0613,2023-09-30 23:38:29+00:00
bdd9e717c5c8ebb178dfa483fb9c5ee3,0505b8e2b74ec245787aace270b638b7771bd03f01f3e2917d79db09568be7db,gpt-4-1106-preview,2024-01-23 11:21:32+00:00
bde8d8d9f15dde64284a234abb45f15b,9c2377e711a615a5e00e9b50982b7d60c7c5b69a62f9582afe039b3dc83ed531,gpt-4-0314,2023-06-01 01:32:24+00:00
be2a1408415f7f9d2b9a6cb19fc97e4e,b45a5584b3855b35df8889a9c280eb7ac64847d16df0fc10c58bd64db17dcee7,gpt-4-0314,2023-05-01 19:48:13+00:00
beac5b9b900be906a71d3aea471fa58d,3f67bbff4aec070a8403dbc6c0506573109eea7c57bdfe2d6a64129e07be7b5f,gpt-4-0314,2023-05-03 08:24:04+00:00
bf91092d337e42a04cca579d4a6a6d7d,319c32e034e23da8fb8f84d37fe4166e69712f37076d2b2b067a47a35e4cc865,gpt-3.5-turbo-0613,2023-10-26 09:33:58+00:00
bfc92a8a4be1178310849cc6b55bb9b9,70a4dc3a0e221831543cebb9d7ee4216090c76f582b88090db924bf58ae3b48e,gpt-4-0314,2023-04-30 13:21:24+00:00
bfcd67dab186a037d04e320baef4ef25,0c688a8a768a98d95c2351405480ca25a54873206ffa8f81b983ed5bcbc5bf13,gpt-4-0314,2023-05-25 20:16:59+00:00
c024f296da7c71b64ef4eb5110509262,b45a5584b3855b35df8889a9c280eb7ac64847d16df0fc10c58bd64db17dcee7,gpt-4-0314,2023-05-01 19:49:23+00:00
c026b8bebb563c95f1e678c0c0764669,3f67bbff4aec070a8403dbc6c0506573109eea7c57bdfe2d6a64129e07be7b5f,gpt-4-0314,2023-05-02 22:57:02+00:00
c0352764f3bb242871ffbee4fdf99fd5,2b285994b6e7d6b60d089ac414a34959b6150ca6651c83222f8cf913adc82887,gpt-3.5-turbo-0613,2023-07-14 19:38:15+00:00
c0a2d46ae283bc9d472378ef4295dd08,84938fa37f000e617d1ad8e07ac4bbb78cb334e4d874bfb4be5aec988b3d086c,gpt-4-0314,2023-04-21 17:39:59+00:00
c0b5c4bd4d417ced6efecdaec45d8d0e,ecdd2df86b567735fe8513b56c893a0f7c81364f28f0421c27a2d8ec7f645559,gpt-3.5-turbo-0301,2023-04-27 18:39:39+00:00
c0c2a294f30ecc53356e090b228e1add,6aef610d09041212b7750dd41e298a3060fa8f3e27d1a67a197a430aa84e268e,gpt-3.5-turbo-0301,2023-06-24 14:42:33+00:00
c18501a994f3adaed03bbef5e7216e65,8bf0c535828398561144dadbe28201281ec5338f103c6631868c4456e9ae069d,gpt-3.5-turbo-0301,2023-04-25 20:19:22+00:00
c1b2ad6319de4fcea91dfcd618639b3d,38cf70ed7208ba53554faed460bee674170814ba3281dddb3593c3a866a631dc,gpt-3.5-turbo-0301,2023-04-25 00:14:25+00:00
c1c0a59d0196cd69cd9dd047c7f5f38f,a8905014324aad00cce44e7c3a1d18724c4592d7ccf4efc7a8fd042232716d44,gpt-3.5-turbo-0301,2023-06-22 21:10:21+00:00
c257a6990567ce198f4141a221aeae09,8a8c8f3cb377203a8c1beec5eb483f4b571f94fdc087f0d8678ded11aa34e6c5,gpt-4-0314,2023-04-23 00:20:23+00:00
c2ca287bc5e307ce15372eea9750ff6f,0db423380b6814de466e4f8c7078449c2427b96addac3c847b9e53de27be801b,gpt-3.5-turbo-0613,2023-07-24 04:53:37+00:00
c31707de5241fe46f651e1b63b9265a3,c64193f01ae80757102ac8be060548cb4803687804a54360aed84eb918adf233,gpt-4-0314,2023-04-18 01:02:25+00:00
c36fb99dc56b05a07f38d08f1d5c57bd,6c342a8edcd51ee95fb17bf578659a91e0452117385b4ca03cc3dc883b712512,gpt-3.5-turbo-0613,2023-08-14 14:44:49+00:00
c397bb400647e1dae486bcebf15de045,2e6db1eefcfd01c2e22bf964ec5cd899a0266c67919e41340cf19933f0ff6ba2,gpt-3.5-turbo-0613,2023-10-25 11:21:30+00:00
c39c983ebafb6528319539e91a6f4c01,965a6f20893f2bf47e9db08d9ba57e845af57cd16eb9d5125ae5840dbdf2bb85,gpt-3.5-turbo-0613,2023-07-02 19:45:59+00:00
c39fc76ea8a4bc457f97109bf532f426,8a8c8f3cb377203a8c1beec5eb483f4b571f94fdc087f0d8678ded11aa34e6c5,gpt-4-0314,2023-04-23 00:20:41+00:00
c44f4aef59bdab5876c2135b068b0bf0,31e7c900e49066cf1064a546b6b53f1a50a8bc106d632a3d731a872d868683c1,gpt-3.5-turbo-0301,2023-06-15 18:50:30+00:00
c470b3f3403c20f30e8b026702aa58f8,6c9147650835b92af26f7c7b4aaa52e94516c32879ce59658fe2778e42494f46,gpt-4-0125-preview,2024-04-28 02:46:09+00:00
c50263f4afeba3a8b9b1bceb277b7238,604921ae887a7c46e04dadb0eb4ea7049c363f845e817a20bb82c2c8aecd937f,gpt-3.5-turbo-0301,2023-05-30 08:29:42+00:00
c5ecc44c7b0cfd50ca351293766cf079,7e93b1f12d8912329bab0c44c9b8d626a946694224603845d814275a42f757d1,gpt-4-0314,2023-05-08 18:55:16+00:00
c5ed169d8a02ff65c40088f9ff57946e,3145bef55bfe07dce86d3b1b3d307104a11692a088e06e0d936757e088a03941,gpt-3.5-turbo-0301,2023-04-24 19:54:46+00:00
c6c5b959319272bc10a51e829d65a1fb,415f82a7fedeb0ed28bccd20400b3dd6043c963efb19ee701ea6fa301b782b4b,gpt-3.5-turbo-0613,2023-11-08 09:06:20+00:00
c70ebfde430d7b8b87a4a17df44779aa,0d5c5c4f48a3ab8f331c327d890282e63bc43377abffe5474fa5517618fdbfc7,gpt-3.5-turbo-0301,2023-05-07 05:26:20+00:00
c77d53ac81a3928ce72d31d4b5950398,74847d9b0d424d2623bba27a3d3e160c29f37bb3059096a1147a3f70fe200bd8,gpt-3.5-turbo-0613,2023-07-07 12:14:03+00:00
c78fd93eb4d78f30bf146891ec5131c3,47e39b353ed2f3e9db868ef42203532b2a58a1d84035df1cbf05dafb29845384,gpt-4-0314,2023-06-15 23:34:55+00:00
c797350d207bfb2a913e79764c81d05d,c8d7ad58dc11259b35e69abd78cf6f16544413c9719557f483f4f14fe55d5bd0,gpt-4-1106-preview,2024-02-20 18:18:56+00:00
c7c13c44e82076667000d888e91b6629,ce41caf5a77d87b15b1acf1d0b8c765de00b8636e565cffa2023afd1373e237e,gpt-4-0314,2023-05-23 04:54:22+00:00
c7c9918d5ca8d25bdb8e41f5e4b8e622,8372648ba91998e9dd5ee64ce736c45a72edd386d9620a1da3c57aa70c625461,gpt-4-0125-preview,2024-03-16 04:05:34+00:00
c808a4526bd683cb4366d59272dbea94,9c8b3188a7d593bb90f7f6f724ed2d3cfdb1d29aba4e7cc050e043e8257b1b50,gpt-4-1106-preview,2024-02-27 23:45:39+00:00
c8855aa10774496bb2efde6557f77627,a4892f85d1b23ce325072afddd17f29e79f6df8b10660483525b232422d3fca9,gpt-4-1106-preview,2024-02-18 10:16:07+00:00
c8951cabdf6ccc0b017b6a3223bcc419,7faac934fa6f2fc64009a1da9613b21363fd979df9ec7444b253cdd72789ff02,gpt-4-0314,2023-04-24 17:09:58+00:00
c8cc83fb1182617f31163992bbd4e077,d42f0ca355bc91aa91e626bfa04c3a1b35c997639a1f3a180354408eaeca150d,gpt-4-0314,2023-04-13 15:17:03+00:00
c92981035cff3a945dfb61c9d71ac077,2fb76f6788a9204cdf1aa268a67ec2978d6b6a9bb0fd720e252d61d766ee84ab,gpt-3.5-turbo-0613,2023-09-01 04:24:14+00:00
c9a810e860af5a4add42c33afea31f63,cd9f2cdb7bba3e10c99434e0b7b63dad09ab86c2b78ca319494e59f0fbfc59d4,gpt-3.5-turbo-0613,2023-06-29 02:09:01+00:00
c9de9e10c35c79d7b95dba0fc83ce510,2f6aa4f8377fbd176c2a496422ac32e395603145ae79be0c8ad863a241eb303f,gpt-3.5-turbo-0613,2023-11-30 16:38:36+00:00
ca031a0b4f05607e51ef95d6a35fe4c2,0e91c68915d8f02828478afaae02dde914635d0c788d8891a65741f235171267,gpt-4-0314,2023-06-03 05:41:28+00:00
ca4ecdc1563e9bb3420df53ed93ae554,fc52bb6144a8dc2332b58e3269c096501b4a6c705617418d61a0e1f6601bc673,gpt-3.5-turbo-0613,2023-11-12 11:44:20+00:00
cab21905bc7b94b52fa02ad8e2ba8135,f3972362f6760add998e1d21576ba72412b3f014d7675e2300dce422e9de9d09,gpt-3.5-turbo-0301,2023-05-24 08:33:50+00:00
cab68bc319f12049dded16b4effbff80,7fc5e28f54f8e2d7108f2b7c8d12b762af9068842b70cf13c7477bb96d4d4507,gpt-4-1106-preview,2023-11-29 22:16:14+00:00
cafa1c14739e1d9e4375dc0070ee7059,6ef314e990e3f9edef956dd4fda1073b5cd9982d5de3ca1527299f17f76813fd,gpt-3.5-turbo-0613,2023-07-07 15:04:16+00:00
cb0e2645d8e05422741f8af285502bd3,8fa8917ab197c3dc66d7a72f5f99da0c02f4f453561c37ad06bbfa33abe7f19c,gpt-4-0314,2023-04-11 13:43:26+00:00
cbc0f1ea44e8fe69f5eef83aa865aee2,8a8c8f3cb377203a8c1beec5eb483f4b571f94fdc087f0d8678ded11aa34e6c5,gpt-4-0314,2023-04-17 00:45:57+00:00
cc643adae338d68ba636de902df1f048,9d51bb4f1655fa05238af90680ae91adfd394325dde636eb2d4d24d49f010a10,gpt-3.5-turbo-0613,2023-08-03 23:19:38+00:00
cc6ac40695f61a26f6798e47a4f7b6b2,026611a932e82fd8d88df82f429322e37be0d098bf7538d6ea73feb6a4f263e4,gpt-4-1106-preview,2023-12-17 16:01:34+00:00
cc9249c962c577570424788688c5fcec,d4e71a9881d8131dc9b6b02333b31daa6cb20fe8dfe775a6235dc3830c0048a7,gpt-3.5-turbo-0301,2023-05-31 10:10:21+00:00
ccac30c8b5f456ccbd61733d84ee1cce,7e01afd3bd65905447234a2283cd61828e2ba808a9781e662895da74d7dd45a2,gpt-4-0314,2023-04-12 06:16:22+00:00
cce2148850407c3dabfff3e2f1418959,93a2b45bf889297a9cbbfe3bece52f9c57e3227429392a5058227dae954b159a,gpt-3.5-turbo-0301,2023-06-24 11:13:44+00:00
cce298382a62f8eb5f160f4b984c471f,cce50d3a57cb9c627c520160bd039f7ec2c20c43647e7aced9b727ce31c553e0,gpt-4-1106-preview,2023-11-25 05:45:37+00:00
cce5ea4fec9afa275e6edf01c48914ec,cecc55ca1b6ff9d891780864d9c49c6736a2d8dc5f79119b0192574502790bf8,gpt-3.5-turbo-0613,2023-08-20 06:29:58+00:00
cd3ca3e30c229d564a45b40a6853560d,0b04511e4abe2d079470289bbb84864ae204de884fc060d0dec6d7a7b340794b,gpt-4-1106-preview,2024-03-10 04:47:06+00:00
cd7faf68af0022057ec6a8e7fec8b8d7,dabea2893b8da0430ff5c90824edc4f05e400e8e6dad38334d37b3f6f096f44e,gpt-4-1106-preview,2024-03-01 15:53:49+00:00
cdf7bb12371542c3fa8b70dd01ceb45d,c9fa610b0b74a6dfc333b45ca80292803910af4e485d6daedfb447432c5868fe,gpt-4-0314,2023-05-12 21:39:05+00:00
ce26f7fc369618d1544640dc28ddd4e1,604921ae887a7c46e04dadb0eb4ea7049c363f845e817a20bb82c2c8aecd937f,gpt-3.5-turbo-0301,2023-05-30 02:12:41+00:00
ce6fca221bb9c2c46854e3de5bb5e152,3de3bed6fe12ad7e730de5568b8a31bc07918185ae27f5a5306f5de382ed9f60,gpt-3.5-turbo-0301,2023-06-23 17:24:46+00:00
ced881a2570b99c4e92c2b5c1e60845c,020bc89b9c68fef6281ba1a8477786b7e1ae79afad1fae7a205bdf06e97cdfe2,gpt-3.5-turbo-0125,2024-03-08 17:03:41+00:00
cef0144f04ac1db391bec7d0f6befe41,5660dc326532dfcde3139c609fb3c87a5c8bb3d2f306bd82bb02331192506849,gpt-4-0125-preview,2024-03-23 12:29:15+00:00
cf043db6d80cca05d78d19fe1866c8ea,db973900be3ff434325230e96afdea1c9c6037b99df2284d926c1a63738f9399,gpt-4-1106-preview,2024-03-04 20:08:30+00:00
cf522573747f900058081a3b73f52d92,61206957037a49fbe4abaf2cb303b0aef5c1085c93bf367e83cb927e4bc3e0eb,gpt-3.5-turbo-0613,2024-02-16 03:54:56+00:00
cf76b95d537c3ea5d69cf1457958da7a,08780329074fe47eaeb647788ad49ab57fd25faf86e0b7dd56e3561a3aff4deb,gpt-3.5-turbo-0301,2023-06-12 14:51:12+00:00
cfcb2cff4f6bbb912b97946610718e05,96f046bedc1d9433397b200cb73c7c5415c494141319d2bcc9be76d793f70c51,gpt-4-1106-preview,2023-11-30 13:07:31+00:00
d04d0b71390bd5362a28b2276f0930cb,ce3ee715810cb33b55a143dc87df8643687fd7ea18dc364f1e20188ff405f55e,gpt-3.5-turbo-0613,2023-12-03 06:00:42+00:00
d0551cf2b84de900620f257a8b2b1e10,59cc4f76716725cb58f0170c1c2f10127c2b231833743b05e3cf178020ae0409,gpt-4-1106-preview,2024-02-25 10:24:51+00:00
d1031fb49535737a4c08f19023f42e79,d5d0c022a440c9727b2034c8caa92f8752709c1d5c4115c5dee5b7eb95d840e2,gpt-3.5-turbo-0613,2023-08-04 13:07:31+00:00
d15445b8b08351e7b7645984dfe37300,b317288e90f942abd4b2936e046217e029344d9feb587cdd5ae51a94290d3543,gpt-4-1106-preview,2023-11-14 02:05:51+00:00
d159c4235d4e4509c16120f4640b25ab,35f0c7b25ac7737d5f5428fbcd460bfac71be4b9e7f618f4c3d4ee1fb22c93b2,gpt-4-1106-preview,2024-02-23 23:24:53+00:00
d185a962ef8265562915e14b7579553e,671a6fe77310e456aa58449b4ba3e51ec6e08bb582d6e93b7ab361aae79a6c69,gpt-4-1106-preview,2024-01-04 12:38:39+00:00
d275255199181c1841b073cabb3d7186,9b9470065ac1c1e487cec7cdd9a35953f659b9af2364feba5aca925d25d39808,gpt-4-1106-preview,2023-12-11 18:22:07+00:00
d2f84f316ad528b33208620e3f463fb7,0b1f91f53562c9cc257106f3b4a9ff4e4f026172bec74bb76eaa5f6ad016ff00,gpt-3.5-turbo-0613,2023-10-09 06:52:33+00:00
d349228e9fac01c04e2f9d032f1d55ed,47f11557ad5c13f0e4a614123af57d2fe97a22cc62a076107c622c922a64c731,gpt-3.5-turbo-0301,2023-04-28 08:14:18+00:00
d39b68af2a6d7415998624b28add358e,0587492710777d78f9de18b1f4783f26e9b2282efe5bf2bb18332948eb150f8c,gpt-4-0125-preview,2024-04-19 16:43:14+00:00
d402219543c338ceab472f74314a84c8,197598bad26dc9b122820702fb54fff5e1d52922d491da48421a6ce3a93b2fdd,gpt-3.5-turbo-0301,2023-06-14 16:18:26+00:00
d43c8123844cf256b917d341653bc16d,7135f8bdeb6d31cf8122536e864ac744032d21859cf136c1d7d63e0b9f70d5d1,gpt-4-1106-preview,2023-12-12 21:04:41+00:00
d45df448a0cf3fe8dee71ca804c52d3a,8bf0c535828398561144dadbe28201281ec5338f103c6631868c4456e9ae069d,gpt-3.5-turbo-0301,2023-04-25 18:21:32+00:00
d4b89fbbb20715bcd934317396b393cd,59cc4f76716725cb58f0170c1c2f10127c2b231833743b05e3cf178020ae0409,gpt-4-1106-preview,2024-02-26 09:33:14+00:00
d4b96ffb4ac7f745723913c5c3a912fa,9007f338f2fddbe408d217d65af83a8dd48477e68439a1170f7e4e9e8d8a8f51,gpt-3.5-turbo-0613,2023-11-15 17:49:10+00:00
d4d4b4bb8af8d29423e31882aab67255,2d69632d9c8359b79c63f8716ed3bfc29503629106428db7f78dcb7a871ad3a7,gpt-4-0125-preview,2024-04-04 20:15:24+00:00
d510a33c0204cf08a3c23966dcec097f,c5c854203bd53304f424bbbc082c929884441793d528830168763d4750a29127,gpt-4-1106-preview,2024-03-08 19:48:39+00:00
d525ca4ad534138e0afd0bff0509c451,3df3a16e854d6f1f5b38840e726ec1495747a9be41f76dbd8aa6905004b1baca,gpt-3.5-turbo-0613,2023-09-08 11:16:35+00:00
d572b9f601df149deaa67c93b66bff17,b7d419ca047ae19e29047e2c76bc0f3744e8c88b14d71f13486c623066c361f9,gpt-3.5-turbo-0613,2023-10-16 11:05:58+00:00
d58e7a59b9df6e148373eb7ccd000229,9c8b3188a7d593bb90f7f6f724ed2d3cfdb1d29aba4e7cc050e043e8257b1b50,gpt-4-1106-preview,2024-02-28 02:05:20+00:00
d65965c966c7f1855f6317902e1d49ab,3e624bae85d7c0a8f54526309869e98dce3f5b8904ec8c821f3a750daf825d16,gpt-4-0125-preview,2024-03-18 13:06:03+00:00
d682bddad0d6ecbd880d607503c32db9,46798fc42405736b5f8f1363af5a8ddb9cb6587bdb4243aa75b6425a30e7e01f,gpt-4-0125-preview,2024-04-07 21:19:53+00:00
d689a9d087527ed7cfff0065d4ae5f40,dde8ba39c9d819177b480344858d9d4b3dac2ba7e62f6874a48a618b3c90badb,gpt-3.5-turbo-0301,2023-06-27 23:09:19+00:00
d6d5d035063ac4f6db893e481251e342,d5d0c022a440c9727b2034c8caa92f8752709c1d5c4115c5dee5b7eb95d840e2,gpt-3.5-turbo-0613,2023-08-03 19:56:23+00:00
d72c6fc26411fcdc4c1df8abae643b0e,47a8d614a5bef6f820c383c993d6de33637b96f5db0d1ddc55fee27468b4ca9a,gpt-4-0125-preview,2024-04-29 22:09:49+00:00
d741940d21cd1476a837a364d47180eb,cf86af8541047c33e000301f432411c0775991e91fc01b793f1935a242464554,gpt-3.5-turbo-0613,2023-08-14 05:25:35+00:00
d77e1b52c6d8219fd07d751b6c8d6f76,f35e146ecbfffd6019205f402b1e841fd0beef468dc00f2075156ac500227b13,gpt-3.5-turbo-0301,2023-06-19 02:08:54+00:00
d7bea0467015741a54284db2317083e7,8a8c8f3cb377203a8c1beec5eb483f4b571f94fdc087f0d8678ded11aa34e6c5,gpt-4-0314,2023-04-15 02:40:01+00:00
d82ecbd2b0c9f1e2a7b7dd67132f616e,f69b78530077cbacf5c852446e7e221224de886180bbaa0ada02d96715dbba8f,gpt-4-0125-preview,2024-04-05 09:09:13+00:00
d859c14d1dc869c53aadfda0d08da297,6e28a80fabb2ed9218e0641e43a37195aa537089f4989333be2d090d18a1da73,gpt-4-1106-preview,2023-12-14 15:25:04+00:00
d9074f7fc078898c6d44ac630111717c,b45a5584b3855b35df8889a9c280eb7ac64847d16df0fc10c58bd64db17dcee7,gpt-3.5-turbo-0301,2023-05-01 18:41:18+00:00
d98f675422b29f4e244579aa5b1617b7,152cf89630afcbec9b989373c5aa5595ba494011e7053f0c800e368d8e41f36b,gpt-3.5-turbo-0301,2023-05-22 15:43:15+00:00
d9e75e009ddead10cfcc697dabdf730c,63a7a15ad0adde1e16d6dbf12d2136607bb2ad19a90dcc096f2e4770e85322d6,gpt-4-0314,2023-05-04 18:51:37+00:00
d9e87549673127fa28786c17cf931d36,831ec7da26d33c69b8f5541877f7dc89fb6fb69c3945d5846d824fe79a3732d9,gpt-4-1106-preview,2024-01-22 02:00:26+00:00
da16cbc3505cd2856556368ed426a4f2,c714cce1ac1baad8711be8f30e30daef470aa8bad7f60085cb1f90265a56efa4,gpt-4-1106-preview,2024-01-30 22:48:25+00:00
da4205454a0348d28dbffe39544f95d4,e49e258fbabeb7e0916d44b43e30ad77e61026bd8cb07cc4086fde524b2b0b07,gpt-4-0314,2023-05-16 00:21:41+00:00
daade698672ccc1c55251718050bf836,0eb13f09925afb7193e9a21171105875c12583cd9a2780b50423f9ff6e5e95b5,gpt-4-1106-preview,2024-03-07 08:32:37+00:00
dabd5906e6085b30637a43783ccdfaea,bfb755bb04541594fe66fd3a46cdc2b7381f4a5e922df51335b91a5390db2bed,gpt-3.5-turbo-0613,2023-07-24 21:51:54+00:00
daf5a56ecf9b046e7689e0a6baad1583,6c9147650835b92af26f7c7b4aaa52e94516c32879ce59658fe2778e42494f46,gpt-4-1106-preview,2024-03-06 15:40:42+00:00
db06f1e8004672281e55a0d43542fa4b,43403dae6ec92adc008a1e74575eb1cc3b25ba77a9107cbb2ec6b5edb8bf5809,gpt-3.5-turbo-0613,2023-09-18 22:05:22+00:00
db17b50c8f0f817eb287c90a3d59cdc6,498c0dc68cb6194251bbac8b2970afc480c49b9831dd0d9cee9adb907fa2068c,gpt-3.5-turbo-0613,2023-06-28 02:20:41+00:00
db40508d443dddaa50cbcb0aa2939e98,efb5be0d5166ef8e2bd8bc9815bde63339def4a10a631d9bc9105772f55e1f67,gpt-3.5-turbo-0613,2023-07-09 17:01:30+00:00
dbf508151722875698dd8016d050937d,6775e60529da4a883b92bd6b4f639bb2e460fa058214f74f011ac64aa22fb215,gpt-4-1106-preview,2024-03-13 10:59:36+00:00
dc2485eabe8abbb71d8c9992c84811de,463032c44abc377bafbfcb69301a0e07ed645be0f533479afa1c97746f85dcc8,gpt-4-1106-preview,2024-02-07 08:01:42+00:00
dc9454330e2d3f56c04e1592ff8f3fda,e73c9a9a463bda212e4256e82ed90f33bcfcd18d45b213dd9d5c569878eecec3,gpt-4-0125-preview,2024-03-14 22:26:46+00:00
dcc172df91f718ee6cdbaf7f43c46ce6,9205195c53aa3a0e50e598a79ba122d802b0752db033b3d7f035184cc1f06839,gpt-3.5-turbo-0613,2023-10-01 20:28:14+00:00
dcdadbbfb58ceea62d818a487d4260c7,53642739c9f7787aca48c52180686b215dd5e7a878bda633b804a5b17e003434,gpt-3.5-turbo-0613,2023-08-06 04:58:14+00:00
dd3274e94dda27646c019fa548455081,f47d18a6c275686c4cd8fd09c930b329f86f77eeeb88388f05f7b61cd897c735,gpt-4-1106-preview,2023-11-19 15:21:33+00:00
dd386f38416a4ac94146ff99e4286878,b4bb17fd4860dc04f858886689872ef2a6e494b3a4231ac66e1dc280b68b6144,gpt-4-0125-preview,2024-04-28 09:21:39+00:00
dd5e00222e1a20e744cda8a50eca2b36,311c64dc2a7b207746af394a2b04a43005902220bec2711f5e55f7bf56676592,gpt-3.5-turbo-0301,2023-05-04 15:17:04+00:00
de61daf60acffbfd44d0cdde47e0fe66,8a8c8f3cb377203a8c1beec5eb483f4b571f94fdc087f0d8678ded11aa34e6c5,gpt-4-0314,2023-04-15 03:02:29+00:00
de850da188652fe49b5096f0836a3598,cf0f77cbbb30bf6218f51d7070df705dc949d3239c75eb140c9f2afa5bbf5eb3,gpt-4-0314,2023-05-15 02:27:48+00:00
debd007e19a62f2d9ff0cbbdca97ce45,cdbd5249e1caa4fd1a5498763b1f84409b495aae8eacfbaa256defea115bfb67,gpt-4-1106-preview,2024-03-02 14:18:38+00:00
dec7c52c34d56c7229b5d9ff107ae12d,788a0a4b3bd02a50118113adb090ba09158d9a11d64de2c6812049c9ce5649db,gpt-3.5-turbo-0613,2023-11-20 19:25:58+00:00
decd8f07894e7e8597af0a1347b3acac,4503ac06ecbec3eeca3a6dab475b4b5d80cf86e1b0563786888d0f601fd92408,gpt-4-0314,2023-04-25 01:56:57+00:00
df0d6bbe0d18166462fb501c2b41ee3e,885a5a7b8b63d9acddc6073e6a46393195228413a7e699a1aea037ef201bc050,gpt-4-0125-preview,2024-03-28 19:20:15+00:00
df0f16f89a0dc36a4533cbffea72f89e,c8d7ad58dc11259b35e69abd78cf6f16544413c9719557f483f4f14fe55d5bd0,gpt-4-1106-preview,2024-02-20 17:39:29+00:00
df4c2051a72ff228c1979f13c5f361b8,c857c8d3b2c95cd61b401ed2b81ea28a9ee41db5b34b08c3231f84cf27117e9e,gpt-4-0314,2023-06-02 12:50:00+00:00
dfe817ffa4e873c3592e97e9a3e7f55e,c857c8d3b2c95cd61b401ed2b81ea28a9ee41db5b34b08c3231f84cf27117e9e,gpt-4-0314,2023-06-04 09:03:53+00:00
dfe81e9b71869665018e91d36a33e12c,890c6ddc4c46b5111f87b9398cf319cff9e31ceb15b76f086b615354eac89eba,gpt-4-1106-preview,2024-02-24 18:14:12+00:00
e0445f51bee651c61e0ea5ec0394b854,0364db7148c4b6602669bb8ea5fb088a55e3ec45c17ed0db42e688c5a22fcb24,gpt-4-1106-preview,2024-02-01 14:04:45+00:00
e0afd19d761ecb8ffb926aef4507ca9e,81cf1dbe11c907b902ccbe4f5cb3baa6023ca2b76ffd85d2e04ea74e444dc287,gpt-3.5-turbo-0613,2023-07-02 13:50:04+00:00
e10d246f45efd01fb5d13c68721b25be,f215c9c3e758506277a86acb435a1fb172bcc218aeadb882943db57998841771,gpt-4-1106-preview,2023-12-13 04:55:39+00:00
e1a85976357737a69806f92abcf7645a,b4bb17fd4860dc04f858886689872ef2a6e494b3a4231ac66e1dc280b68b6144,gpt-4-0125-preview,2024-04-28 11:30:25+00:00
e1bda8f2a7aaf0372048bcb898520b6a,68ebeb780370dc32e69e6615af879c34345dd9294b4a48e6c15c09503ca86f45,gpt-4-1106-preview,2023-11-24 01:00:59+00:00
e1cd4671189290ae673d8c7b7a36058c,2e6db1eefcfd01c2e22bf964ec5cd899a0266c67919e41340cf19933f0ff6ba2,gpt-3.5-turbo-0613,2023-10-25 00:42:18+00:00
e1e2093c07508c94aa4d8a48e6dad1d9,ab440fe50a667702be3c1f09b8c6c5540953a7254304c98a847502dd310c98a6,gpt-4-1106-preview,2024-03-14 02:34:42+00:00
e2a7021238a7d4ad17410556d4387ee4,9e313c710d6cca3d5cd150c44878de236b7415cf5a7144669a2766a094205043,gpt-4-1106-preview,2024-03-01 17:20:07+00:00
e2af1f8638e3e6ad2f1fac26d0698e09,8939424e61b40c6ffebfe345700ef685ff0819f4a237de6e478a3ad97d6a87d7,gpt-4-0125-preview,2024-03-31 19:48:59+00:00
e2d19b2c90141c19eb97c19d393d2f87,c857c8d3b2c95cd61b401ed2b81ea28a9ee41db5b34b08c3231f84cf27117e9e,gpt-4-0314,2023-05-28 01:25:46+00:00
e2dc333722f1a8de88ad5aaf7e21443b,05d492eb46bc2c5e8505a6600fe86d1e2a138bec028fa7a8bf9044ef5ce6b7ad,gpt-4-0125-preview,2024-04-25 19:00:05+00:00
e308d57e92371926202aaf6c87c54768,b5e8716ac87245c8ed1a703329bb6bd23b0bc1ea6e99cbd46768af29c0c72c93,gpt-4-0125-preview,2024-03-17 13:37:15+00:00
e3b1332fad67ac98845752de1f14a783,c857c8d3b2c95cd61b401ed2b81ea28a9ee41db5b34b08c3231f84cf27117e9e,gpt-4-0314,2023-06-11 16:09:58+00:00
e3cdd00048bf52477fdd8b0a93c7a33d,3f67bbff4aec070a8403dbc6c0506573109eea7c57bdfe2d6a64129e07be7b5f,gpt-4-0314,2023-04-30 01:07:20+00:00
e3f0191e8668941f36d26e89f6060ba8,23ce8c5af378a4c7e08b9588c5d18073cb9d74f569524e45a28cbcd6a6931165,gpt-3.5-turbo-0301,2023-06-19 19:44:04+00:00
e45ce8273acc21e5a2b8f3c49059de0d,fdbe8f8ef9b6c5d0302b0e3e9775cdea93e60563ee5ea40c6e0fad5210b477bb,gpt-4-0125-preview,2024-03-29 03:14:26+00:00
e5412f2c643f95326593303d17b20ae8,d5d0c022a440c9727b2034c8caa92f8752709c1d5c4115c5dee5b7eb95d840e2,gpt-3.5-turbo-0613,2023-08-25 22:02:34+00:00
e59bd8f0fc4497d7547efdcc4152fef5,4e9d4e8472e79e74501c579602fafb00ba885d1a2a1e17157257cd09b19c59ca,gpt-3.5-turbo-0613,2023-07-02 13:50:42+00:00
e5ab14aabe66c92c01359a02ef7556a6,41b294bc9055e12da204ce89f86e938bb17fe479c14c1547b7a4c8bc014f79d5,gpt-4-0314,2023-05-26 08:32:07+00:00
e5c3367dc8d1c44723106f59c2c64a98,c11e8814be38255634ffe898b76813ae57feb7914b0b4a8284d94103cc83c54a,gpt-4-1106-preview,2023-12-08 05:34:53+00:00
e5cdff8e096ee17fda6cec2320709052,77edcc0da1f7a58d9d6a4b5c534420698210501a04e5c479233fa30c76c7ddd0,gpt-4-0314,2023-04-25 09:06:22+00:00
e6463a0ce4d2fcb4ae2391b39a046045,c714cce1ac1baad8711be8f30e30daef470aa8bad7f60085cb1f90265a56efa4,gpt-4-1106-preview,2023-12-05 05:29:56+00:00
e6ce8c92e6c84e92ce13ef0839556246,2a79c04d5f9b4c01ad4522484336423024f79fd4fc3c8c7d95b22051ad8e654c,gpt-3.5-turbo-0613,2023-07-16 05:57:35+00:00
e6e25bc9868c2e59abf1bbcd58b30320,3f67bbff4aec070a8403dbc6c0506573109eea7c57bdfe2d6a64129e07be7b5f,gpt-4-0314,2023-04-30 01:07:54+00:00
e753a2ba086ebb00148ce5e515db4aa4,d7f3f355ddd6cdde14c54d16c3088902b4c10f00f59791c57e3439c6b1641665,gpt-4-0125-preview,2024-04-06 16:32:29+00:00
e756a1b8fd5b43df5bdf6fc822624593,dd6ceee9d5e1dcedf04328c9c141ffc5e92993e584e516482a805ec0c542ef0d,gpt-4-0314,2023-05-03 06:16:51+00:00
e77bd6cda8345850a5f54720cbad2d74,4ccc97e612cf981426470ad6af26ca138a4b7680f564963bdcd44fd390f1f001,gpt-4-0314,2023-05-14 06:14:47+00:00
e7c2349e28c006495bbc00e1de514c92,bfc28eae788e62fb48ef0a3362e2c1e051937e3bfd06decaf445cfc2e5d62156,gpt-4-1106-preview,2023-12-28 01:23:03+00:00
e8ab80ea42971035a1db2741ecb1ca6b,0f7606d3c2ec4c5d44f6ef8b7c754686bad073973a1360874e9c02ab3bc0388e,gpt-4-0125-preview,2024-03-27 12:16:01+00:00
e9666368b42ecf0d5bf9cb32058d71af,427e4675f8c8f4cd9fc5b01087b78f1c24ec0b481d7a31ceed8218db44127fd5,gpt-4-0314,2023-04-30 09:40:39+00:00
ea5c438427c1ea28f9b25f7b2b12a1c8,c714cce1ac1baad8711be8f30e30daef470aa8bad7f60085cb1f90265a56efa4,gpt-4-1106-preview,2023-11-29 04:55:01+00:00
ea5ddc0776632e6ee6979d719e885ae4,d5d0c022a440c9727b2034c8caa92f8752709c1d5c4115c5dee5b7eb95d840e2,gpt-3.5-turbo-0613,2023-08-22 14:24:38+00:00
ea67704decc61c88d8819ed85d3ff267,3659446477668d555c55c9d34db716ddc2b9f9c4e052337f268e544904f0f0d3,gpt-3.5-turbo-0301,2023-04-10 18:04:34+00:00
ea830a54eb72306b2f68e70a4411764c,59cc4f76716725cb58f0170c1c2f10127c2b231833743b05e3cf178020ae0409,gpt-4-1106-preview,2024-02-20 17:09:32+00:00
eab6102d755582f809a534d3d7d86656,1aadd233c6e944e65e4c70d3db3281f50eb6e2eac4eee789a47338355f0ea0ce,gpt-4-0125-preview,2024-03-18 18:16:50+00:00
eab774a84a96d077d069bb67720639b9,8bf0c535828398561144dadbe28201281ec5338f103c6631868c4456e9ae069d,gpt-3.5-turbo-0301,2023-04-25 18:17:11+00:00
eb28c9518a388c5cf07c6903fdfed318,4e6473a06b693c9a12381a1e31dc7b63f8f8fea847870e4e4b94d1e46e22e43d,gpt-4-1106-preview,2023-12-24 15:13:38+00:00
eb308f3145cf720e657bc63f2c64e1d2,93a2b45bf889297a9cbbfe3bece52f9c57e3227429392a5058227dae954b159a,gpt-3.5-turbo-0301,2023-06-24 11:08:22+00:00
eb52f70168fa5499f1c6ef1d8b31d86c,d5d0c022a440c9727b2034c8caa92f8752709c1d5c4115c5dee5b7eb95d840e2,gpt-3.5-turbo-0613,2023-08-22 12:14:21+00:00
ec3b3654ada7801fcde1830ab951c02c,311c64dc2a7b207746af394a2b04a43005902220bec2711f5e55f7bf56676592,gpt-3.5-turbo-0301,2023-05-04 14:31:34+00:00
ec599285de3156d1b12ffce18f1ec642,b48f8da094f9e7912a64371841ab1c193e93ee63045d8e591315859d912b7157,gpt-4-0314,2023-06-06 07:48:26+00:00
ec9ec3cf14894e889ec851eab76a27df,0364db7148c4b6602669bb8ea5fb088a55e3ec45c17ed0db42e688c5a22fcb24,gpt-4-1106-preview,2023-11-27 13:53:15+00:00
ecf2783ee56249828750c5f3e57108d7,6b4e5b85990d4eb17748b83c3edbe7f3b4c3409e709ff631c6b95bc852915f0e,gpt-4-1106-preview,2024-02-29 18:07:31+00:00
ed4aba2f913b9c737eb28eb0cada9b36,c714cce1ac1baad8711be8f30e30daef470aa8bad7f60085cb1f90265a56efa4,gpt-4-1106-preview,2023-11-29 19:10:36+00:00
edaad7e19f737c20f12069fa54763437,d644742cf8a19eea25c3d84868ca0c893a769f8c12c89de921c739838e2bb2a2,gpt-3.5-turbo-0613,2023-11-14 18:21:39+00:00
edec19b2d18ce0ea2220744bd2f7a676,2f0ab9b5551d646f42825ab6816054482a39cfde9043dca61607b0cf655037b3,gpt-3.5-turbo-0613,2023-07-02 20:18:05+00:00
ee3e61d76b2195bd1fe14295c97250c9,925589d9fcd21ec6cb1d8cde5469c5fcf7f8f84e8cbc7d73a3bdd5d51b897630,gpt-4-1106-preview,2024-02-03 17:55:27+00:00
eea19ecc2b3ee2fb6d308b2f5a0edd99,52f3f0289a88629c3c1c2b4efeef1afecc4e8736c3006422c7642572338e24c6,gpt-3.5-turbo-0613,2023-10-03 16:25:11+00:00
eea540cdc26621fd9f134b9e0cea9f13,ce6d91e1665a1a3c45a1898f8c6f04ba053208c4b68906c9bc0ce599f4f49d8a,gpt-4-1106-preview,2024-03-14 15:54:09+00:00
eecc4d6f71278753b54a1b40dffa6df1,9c8b3188a7d593bb90f7f6f724ed2d3cfdb1d29aba4e7cc050e043e8257b1b50,gpt-4-1106-preview,2024-02-27 23:47:30+00:00
ef220f86edba937a546c8c4e48c25926,27863ad9cdff02acfc6c95fc476a83b4a3982cce7ae203c7384716e5e6180034,gpt-4-0125-preview,2024-03-20 17:35:06+00:00
ef59fa2e622dd77939d33074d898e0bc,fc43389069a40502de0ba4f9672459efbab7dcf5def9ae861a543f77f49f065e,gpt-4-0125-preview,2024-04-18 03:06:15+00:00
ef95b1fd646379a0bf90ef0371cfd606,afac533e87d2cb49ab5b7a4520d9288009326ef86dca9761abc00a174b7071de,gpt-4-0125-preview,2024-04-09 10:31:52+00:00
f0aaa97938fdc477cfd6939bb3d9d5bc,bebc0f089cb05fcb0d0ba4d588284f107c9c59494f5b1ac9c8da674974307ece,gpt-3.5-turbo-0613,2023-07-06 21:59:54+00:00
f0c8aeb6ee32acd59306080030cebb6e,3d35d08b28faf6fa64680f5c7ad309c4581bf20fb7dddfa1dbc749f55eeb41c0,gpt-3.5-turbo-0613,2023-08-28 14:58:55+00:00
f0d1da283163cff4092821745cfe9358,4a081809f3ee2587f01044a17738e32cce9fd06c73de8919fa25f913f1b53241,gpt-4-0314,2023-05-08 01:01:41+00:00
f0ea11bfac4f8da1b9df4ad04fdd8bb5,bd52950c46c3532d8329037be068da5d3d70b3f6ea1cef6d1927f830672a0e60,gpt-4-0314,2023-04-15 11:36:53+00:00
f136c95fdc69fa80423f10e3ddd05890,ae73b00ede31665ec43536104dc1edec1d6502869d0115a1d8a16530a3aec575,gpt-4-0314,2023-04-29 15:08:45+00:00
f17893e5b8e5ba7c723f599e1156ece0,43338db622364dbfe48336b789c12537e633c9d7b1b3c77c430099930e90f5d5,gpt-3.5-turbo-0613,2023-11-11 16:05:59+00:00
f17c0fcc7604eee02d2688fbdcd946cd,a359b3663b7da5ecb4a48797536165029221e8db4dbc46300d20b1b02a36794e,gpt-4-1106-preview,2024-02-02 20:20:33+00:00
f1c386e640c28e2fa58809b9fdb20ca9,fc43389069a40502de0ba4f9672459efbab7dcf5def9ae861a543f77f49f065e,gpt-4-0125-preview,2024-04-25 09:06:42+00:00
f1c762d64e5683aea9c64f0e1f0ad186,9662671ae6bc2ef895998fcd7140a51752ada218120af8beb8f0d31c9e1f6eda,gpt-3.5-turbo-0613,2023-10-08 17:29:22+00:00
f1f229a4793411d7cbab34c48055d225,74b686285168d72e1eaef3c7f534e3a2b297d23a4d9c43981b38762694536bdb,gpt-3.5-turbo-0613,2023-09-25 21:44:50+00:00
f21cfe640f84f395deddfb8e66081a5b,1b0287bdf41a1a0e62201c48813ba0099d4ed3b9882b62c3627fe4452f77e861,gpt-4-1106-preview,2023-11-09 15:08:37+00:00
f29b358ae3c644ad75eed9b49efebcb7,ccab3308687b343191c9034087b6d12038e8bbace54069bc2017c761af24cc8b,gpt-3.5-turbo-0613,2023-10-22 14:11:39+00:00
f2da9d8779afc9c0c6df91f158853b61,894ce58bccb30b3e6f8fb8143add32a5908ea11a0e3d2cefdff4c9fcb069d429,gpt-4-1106-preview,2024-02-21 16:19:10+00:00
f3b1887024354c1a3ec5eff60a675088,05d492eb46bc2c5e8505a6600fe86d1e2a138bec028fa7a8bf9044ef5ce6b7ad,gpt-4-0125-preview,2024-04-29 17:04:41+00:00
f5207c4562f664a819f7786599195f7f,4a081809f3ee2587f01044a17738e32cce9fd06c73de8919fa25f913f1b53241,gpt-4-0314,2023-05-09 16:47:35+00:00
f568490438a75134d14319043919fa56,3d5161cede03ac1336a7999ddb73c9bab3b9a78bbfa51efe72aea03198506a4c,gpt-4-1106-preview,2024-03-10 12:35:07+00:00
f5a217a012c40cbb2f21beb7cf607f60,03fa2474cbd88974c3612f660daac4400b5a155d2cff8255a21742d91c930342,gpt-4-0125-preview,2024-03-28 18:03:04+00:00
f62d00509d5b86e92a2e689eab930b58,8ebd04601e377fe9e039b9934fb399abaa3369efd56fc810bf0ee28e4e62a3c4,gpt-3.5-turbo-0301,2023-04-12 20:08:04+00:00
f66b56ff98bd2154270f58ac5e2d6add,7729b5ae4bfa9a17c11ebd110af5d4bad92b8f9c06d042653bec80125d9f6053,gpt-4-1106-preview,2024-02-03 14:46:31+00:00
f6822bb4b807f220dd6218e79f870889,19c13dc6068201bccdf1752874da1d032e265b0459e1b3e0e80273b8572a6741,gpt-4-1106-preview,2023-11-27 18:39:06+00:00
f683cd7e27eecfa95dc98fa5ae3985a6,ab5dda87278bbf3c35f2ecd7198a44273d52c2be88204b6eab48dbe2280df13c,gpt-4-1106-preview,2024-02-03 11:06:27+00:00
f6acfbc7fdedb09c03ccaf98fbc5f4ad,8a8c8f3cb377203a8c1beec5eb483f4b571f94fdc087f0d8678ded11aa34e6c5,gpt-4-0314,2023-04-17 00:46:51+00:00
f6ae8bdd0be7186d5d86739397ac2a62,71976ed7fa9f1a1385eada2fc33bdce6100d05451c0066d05dcec54baeca6aee,gpt-4-1106-preview,2024-01-28 08:13:06+00:00
f6aff3fadcd7922d6f4a9f03e5bd7010,b98144bbe14719da49ddad3f9bb8a42831cb5ee68a20c200231ec1ca0c8222f4,gpt-4-0125-preview,2024-04-06 09:51:24+00:00
f6cc7e22b20c80b93f32c314a2f62e27,a8052c3ecc40a8c0360eeb2c0c3ba30b0ef3e37cfd6db09ffaef0b76b9fdb9f3,gpt-3.5-turbo-0301,2023-04-26 17:53:55+00:00
f7446b3d7234f1d8976ef39a6279977d,71f0962006eddbbc7bd233c57ef399dd10c6dc9444837d8b95817e7996f59072,gpt-4-1106-preview,2023-12-27 13:32:45+00:00
f7d4b6b8d9aae0e5817917f94ba226b4,01a8a88d67f90e8163f7bf2d035bc91b4a78c1471945531d3062225e7ca9e706,gpt-4-0125-preview,2024-03-25 12:04:37+00:00
f86622f2ea7b75d85b4d99b556613103,f6eaac55db12a482debc0992808f5100bdbfd9689f1b3cc78e607bbe61bf242c,gpt-3.5-turbo-0613,2023-07-02 20:49:12+00:00
f8ad20eab7c20c68119cf4591e6c97db,def873eaf3ad3e94b22ae4704c5600d27ceb37d7a5b63f4dbab35dc9b9f0bf2c,gpt-4-0125-preview,2024-04-16 18:25:03+00:00
f8be5b8850060dde8b366e57cb9d2037,c1e3c1596081201d237fea9fb0589ba5d17969b52eb898a6a9536f1dc43da99d,gpt-3.5-turbo-0301,2023-05-16 01:44:27+00:00
f8c1fe88cb620a431aee6ac1e31770e8,014ede1867855b1ed6e6f7d50503a298dd5c3ad3c6f2ed603d404c5947a1af9b,gpt-4-0125-preview,2024-03-18 23:19:18+00:00
f8f602c75a192b161cd559a6e31d10b6,b45a5584b3855b35df8889a9c280eb7ac64847d16df0fc10c58bd64db17dcee7,gpt-3.5-turbo-0301,2023-05-01 18:33:58+00:00
f90c131115c19f3b740b871482b75d2d,23bce39c38e35a75ed4bd5486dec40420ef7dd1799b7d1dc1cf5727daeb217d7,gpt-4-1106-preview,2024-02-05 16:48:31+00:00
f91a43fea636f8689194df9f3aa87270,890c6ddc4c46b5111f87b9398cf319cff9e31ceb15b76f086b615354eac89eba,gpt-4-1106-preview,2024-02-23 08:30:02+00:00
f926e4e52bc25442cc0f331ada660856,2552c2abac45c95e4f148b9337102568a2722d2abc57fa1107bcd6ebfedcf669,gpt-4-0125-preview,2024-04-20 14:21:11+00:00
f96e77d549c990fa18ef0db80705ae7c,f3bbe5c6243e205b722162f08d415f70be842fd3f03f1427d3fd0fcb5acdccb0,gpt-4-1106-preview,2024-02-24 16:31:24+00:00
fa18748ecbacd33c9e7fc7f28fbef2e6,cf0f77cbbb30bf6218f51d7070df705dc949d3239c75eb140c9f2afa5bbf5eb3,gpt-4-0314,2023-05-15 01:24:13+00:00
fa5ad7f30eb6436596131e33b66a80ee,2f0ab9b5551d646f42825ab6816054482a39cfde9043dca61607b0cf655037b3,gpt-3.5-turbo-0613,2023-07-02 20:28:32+00:00
fa73e153a079aacad8244c60727ad305,c857c8d3b2c95cd61b401ed2b81ea28a9ee41db5b34b08c3231f84cf27117e9e,gpt-4-0314,2023-06-04 08:28:26+00:00
fa9604119d2ab63ade84dc3096939188,aba4df33a3c4ad239a3d43c46468255e920d8f3a0bd4d997c8bfe9e9d26b947f,gpt-3.5-turbo-0613,2023-11-13 23:31:47+00:00
faadeef0698a7e7145f5d0330fadf965,3f72eab6c3d53d32d2f677291ea910c509c310ce4f724ed5344a1f51ba0f0de1,gpt-4-0314,2023-04-09 07:58:16+00:00
fab1e89e850da81459272dba4b9e5d4f,a477bf5c9e186c4efbff43126daef20572f81658ed2ed8d5c1479f4b53cee125,gpt-3.5-turbo-0613,2023-07-28 16:25:22+00:00
fabee19813adab4e085b913f89851f99,018e1d9c6bc4170fd20402f5675c16b314be281b7731ab630d0c44952fe367b6,gpt-3.5-turbo-0613,2023-07-06 15:10:27+00:00
fb1ddbd2c8a81d6126cfd76f03d378b1,9662671ae6bc2ef895998fcd7140a51752ada218120af8beb8f0d31c9e1f6eda,gpt-3.5-turbo-0613,2023-10-07 17:46:38+00:00
fb43d08a61fdf0de897a285551fdc4c8,b153e12caacd875da9c2de8d7cf0f34cd13c8ad6b152b548b562d44df305ade0,gpt-4-0314,2023-04-19 13:15:40+00:00
fb9a0c5087b5857390d5069839d54e42,e4bc9c584273991053fbf8bb334acefd5f6ecfea1672636eeced09a337aa5e0f,gpt-4-0125-preview,2024-04-09 06:34:33+00:00
fbb4383cc3cda44262c5751d4525c8b8,bdaa4fbe55a81e276eeab2eafdd4056b5711c04505ee488a9ab3e5d6560445b7,gpt-4-0314,2023-05-12 08:32:27+00:00
fc140d01388ba64d03c5d0d54a15aa45,a0cada3af421d2e0b5ab0119aaf92bbb7a5430132da43bff35fd15205d63bdf5,gpt-4-0125-preview,2024-03-28 03:37:02+00:00
fc2e51d0cb8f520eb5f4e21606b2bce8,ce5eefc8c892e36e7d73560fa77422260d795bbaa4e6c70ef8148c7fc5239d91,gpt-4-0314,2023-05-22 21:02:49+00:00
fca5653f61aef8d3318eae97707ef64a,d5599ccf1e588aac0ed8f7a09742c8f33b44964de4ae215c4065d73913b7bd18,gpt-4-0314,2023-04-24 18:31:16+00:00
fd29888d1229b2c0a2281788afc8b300,d4e71a9881d8131dc9b6b02333b31daa6cb20fe8dfe775a6235dc3830c0048a7,gpt-4-0314,2023-04-27 05:02:47+00:00
fd494c25cf06d97db8b2a9adc83792f1,82b1fe551d23e67937f9747620d4c13a9de385cfb92b3c8608ae0e56f86ff329,gpt-3.5-turbo-0613,2023-12-07 02:51:14+00:00
fd956cb72159534bdfbcaf812cf2036c,dce9bc837d073008f67b6a0b3af98deaf95c1062d473cb99b4f044f573a2aeb9,gpt-3.5-turbo-0613,2023-07-02 17:11:17+00:00
fddf6037276caa999c3e4f154aff60e5,dd09015b787f01128dc0617016579269d1dbe7ab8a99d56bdf15577523639e6f,gpt-4-1106-preview,2024-02-01 05:48:25+00:00
fe58edd6bcab36e9d774b48a3b579a3c,38e92e8534988a3ffb7ceebb326664204fa81b309ff18aa669043cdf4cbc8cdd,gpt-3.5-turbo-0613,2023-11-09 09:50:35+00:00
fe82c74a161575f2a278863df75e4e6f,a63738190bd397642c671492f985dbe38a26d364a1de5635ea92f38aa661a5af,gpt-4-1106-preview,2024-03-10 18:20:57+00:00
feaafdcfa0cf1f1683f18ef560d29267,8bf0c535828398561144dadbe28201281ec5338f103c6631868c4456e9ae069d,gpt-3.5-turbo-0301,2023-04-21 19:28:56+00:00
fed3905dfa8078fcd7f634ecc553b958,62ea1bbf1cb7409ddd252108f70c63a41a437a13d295484010d0364d83e201ee,gpt-4-1106-preview,2023-12-14 14:15:03+00:00
feda84e041f43e855e7ec252320f358c,fbe0842544f359b8e4cf789bba58f56fb0a5131c9a650f98f146f4cc8b87bce3,gpt-3.5-turbo-0301,2023-04-13 14:00:50+00:00
fee5bd287b7b11da13d6bd5289744d04,0180d13eb363f0e2c477e51d69e0396e2b6cecc9c49ce6df1e45dfb59f2ddaa4,gpt-3.5-turbo-0613,2023-10-01 05:36:52+00:00
ff06c93b6fc5d7184f226c4ae3be4d36,a97ac91d616eac00da1be87e43f3d566860a4cada6de9860a6c7455024101b3f,gpt-3.5-turbo-0613,2023-07-03 02:20:50+00:00
ff54d527941a6a160a67e2b6caf31d01,d4e71a9881d8131dc9b6b02333b31daa6cb20fe8dfe775a6235dc3830c0048a7,gpt-3.5-turbo-0301,2023-05-24 09:42:03+00:00
ff725fa9b02adbf8b2637367b551afb0,7be39a1d0be25f0796df243b71e81a377d49cd5f9ce1d81a2001e6a3732471f7,gpt-4-0314,2023-05-28 19:19:31+00:00
ff7ce50f1d149d3c3186a3ea61499dfe,b87f4fc8656f6249f6f17c3fb1b5f50eaae6c47f9113565a00a1ff24732485c8,gpt-3.5-turbo-0125,2024-04-03 18:28:41+00:00
ff90339a4840f473a579a7f1c513d0ac,e16670b6c3205173d4b2ad4faef83a98ca7b1acdaba203c5b463b59297207ad0,gpt-4-1106-preview,2023-12-20 06:05:44+00:00
ff98a3c0f644262612c34a86f1f1333a,47bedc98cc4b0b61d389f0566958740d156db9894f842e1dbf3a0917c8e09325,gpt-4-1106-preview,2024-02-29 02:07:22+00:00
ffb25c94efe618631a723d55464dc682,78e3328da04bdeea477be5942bcc9cb4368112479d4311db964b2932b1b792c0,gpt-3.5-turbo-0613,2023-11-18 10:42:59+00:00
fffbc6f81a40b9274f8ba6dde6861936,cec03ce2caa406d1d2afe7f8292a313b0329a6474decc67c148d8939c55687ba,gpt-4-1106-preview,2024-01-16 13:32:29+00:00
